-0.2799441
-0.3360882
-0.294875
-0.1168926
-0.3515868
-0.2402853
-0.2389294
-0.258025
-0.4392338
-0.3132956
-0.2028441
-0.3954059
-0.3549662
-0.3414706
-0.4287235
-0.2967073
-0.2997706
-0.441722
-0.3226338
-0.1840221
-0.1260559
-0.001313234
-0.13855
-0.09040441
-0.08510735
0.019875
0.1556529
0.06447058
-0.1189515
-0.06278529
0.05969117
0.01139706
0.1029456
0.2452044
-0.2517809
-0.14585
0.2279456
0.08907206
0.3857382
0.3157294
0.2619588
-0.01496765
0.07797646
0.3051544
0.2129529
0.1684338
0.2925985
0.2547603
0.3203691
0.156225
0.2479779
0.06187647
0.06617793
0.1175397
0.1965206
0.1812353
0.2101956
0.02835
-0.04213823
0.000942643
-0.07913822
0.1044691
-0.03556176
-0.02458677
-0.1613279
-0.1948397
-0.1996176
-0.3569044
-0.1312985
-0.2163044
-0.1922676
-0.2787397
-0.09191764
-0.09929853
-0.05395
-0.1158471
0.04324997
-0.03198412
0.03256693
-0.1218968
-0.08091082
-0.08642564
0.02065867
0.1060057
0.03056551
0.06522607
0.06855124
-0.05703321
-0.1472183
0.1943314
0.1279912
0.1375385
0.3403138
0.4325142
0.2636031
0.2565274
0.4201486
0.2316621
0.3745031
0.3124609
0.3308766
0.4666516
0.4305052
0.1626519
0.1871822
0.2733307
0.337416
0.3279768
0.2649377
0.260131
0.4109746
