0.4967058 0.4981629 0.4955393 0.4763773 0.5945787 0.6085057 0.844037 0.7712892 0.6165975 0.4678464 0.7366105 0.7413162
0.8898854 0.6548273 0.2105635 0.1605742 0.2499174 0.3952066 0.9329388 0.9670918 0.9310881 0.8209027 0.957106 0.9751523
0.8420626 0.5299343 0.1647503 0.09979054 0.2490588 0.1792841 0.9006184 0.9552927 0.9277815 0.7807544 0.9643468 0.9692751
0.8650455 0.5848003 0.3191826 0.2204825 0.4801076 0.55575 0.9094069 0.966615 0.9374593 0.7586791 0.9594282 0.9745522
0.8781186 0.6313137 0.2768883 0.247182 0.1693105 0.3764981 0.9347808 0.9691091 0.9307546 0.7834755 0.9593235 0.973749
0.9017173 0.6644229 0.1731409 0.3803954 0.1211167 0.4498835 0.9209779 0.9577066 0.943929 0.803059 0.9655209 0.9800382
0.888211 0.7588653 0.2529272 0.3083106 0.2069552 0.4211536 0.8911671 0.9629388 0.9409161 0.8524974 0.9691116 0.9802217
0.8787457 0.5700221 0.254223 0.2544704 0.2311158 0.4376787 0.9185068 0.9638044 0.9508018 0.7354555 0.9572674 0.9754318
0.8734327 0.5601422 0.3771757 0.2358195 0.08157336 0.4596276 0.9198631 0.9754424 0.9191768 0.7203099 0.9569434 0.9750551
0.8773901 0.7093238 0.1400745 0.1640933 0.3272211 0.5660348 0.9023208 0.9610023 0.9329695 0.8244826 0.9661708 0.9747328
0.8538211 0.7150842 0.2712594 0.1452336 0.310822 0.4264547 0.9053952 0.9516701 0.9347868 0.7618724 0.9539113 0.9721631
0.891863 0.6497132 0.2410962 0.2059236 0.2458473 0.3554015 0.892995 0.9755002 0.9365471 0.7554415 0.9642003 0.9765682
0.9230723 0.6001581 0.1927044 0.2220582 0.2751737 0.4081304 0.8983715 0.9627912 0.9361832 0.7940791 0.9697706 0.9707947
0.9040189 0.7247645 0.4195217 0.094828 0.2800253 0.3342887 0.9393796 0.9692637 0.9484791 0.7809208 0.9580684 0.9740632
0.8793889 0.6881632 0.2858133 0.2878264 0.217497 0.3222794 0.8768661 0.9480165 0.9029849 0.7829525 0.9489759 0.976427
0.8627159 0.5564519 0.2040361 0.3718216 0.2320725 0.4448702 0.8879611 0.9677497 0.93495 0.800446 0.9568598 0.966191
0.8929733 0.6496519 0.3996657 0.1030365 0.3266243 0.4020975 0.9129507 0.9588221 0.9422752 0.8377125 0.9577507 0.9751879
0.874649 0.5945277 0.3099673 0.08390809 0.2009508 0.4130346 0.9030353 0.9617046 0.9304878 0.732719 0.9496495 0.9665454
0.8649539 0.6550093 0.1118452 0.3109008 0.09330289 0.4799443 0.9194857 0.9608439 0.9382951 0.8117284 0.9645185 0.9771218
0.853526 0.5714792 0.1196298 0.2599947 0.1668006 0.5606294 0.8954292 0.9691009 0.9508654 0.7842249 0.9614596 0.9709852
0.86313 0.6123091 0.1403159 0.0629791 0.3703589 0.3375347 0.907947 0.9590794 0.9265105 0.6917779 0.944727 0.981719
0.8997403 0.6929365 0.3181271 0.3747147 0.2857212 0.4379589 0.9302014 0.9622347 0.9429798 0.8119836 0.9701611 0.9810494
0.8802143 0.5678498 0.08029323 0.3327166 0.3286998 0.4393271 0.9220536 0.9712732 0.9338154 0.7786487 0.9660347 0.9804728
0.8913525 0.63151 0.2901565 0.1381455 0.1048955 0.5362687 0.9055236 0.9674077 0.9383904 0.8185971 0.971413 0.9813884
0.8219133 0.5824362 0.361517 -0.00941442 0.3557816 0.3924208 0.893569 0.9604678 0.9295077 0.715795 0.945274 0.9661969
0.8741423 0.6269949 0.3217827 0.2313983 0.3407444 0.4432102 0.8856873 0.9540605 0.9402641 0.7490754 0.9532182 0.9770596
0.8833288 0.5769432 0.3639116 0.3369344 0.2438189 0.5730658 0.9176155 0.9678231 0.933962 0.7446839 0.9617178 0.966925
0.8957258 0.7596381 0.2465319 0.2796623 0.2002299 0.3866452 0.91525 0.9616578 0.9312996 0.7851216 0.9606142 0.9802641
0.8907155 0.6350506 0.2829739 0.1947452 0.2488585 0.4541038 0.9279296 0.9726158 0.9506561 0.8443846 0.9568543 0.9726144
0.832442 0.6453768 0.2306069 0.191195 0.2808819 0.4647825 0.8977296 0.96371 0.933817 0.7819956 0.9476036 0.9701397
0.9208961 0.7405954 0.2444599 0.1673824 0.2284703 0.2244945 0.9368754 0.9642003 0.9402851 0.7955643 0.9723358 0.9809656
0.8447012 0.6348929 0.4281296 0.3900798 0.2142501 0.5147012 0.936293 0.9764673 0.9403816 0.7846456 0.9607356 0.9741407
0.8505956 0.6315454 0.2229689 0.1699303 0.2663482 0.3169464 0.909696 0.9760855 0.9471369 0.7550229 0.9709691 0.9774882
0.8357806 0.5973055 0.2606956 0.2764436 0.3166823 0.5885026 0.9038344 0.9719314 0.9325831 0.773146 0.9395416 0.969505
0.8891832 0.6446321 0.2724352 0.3514656 0.2238004 0.3825196 0.9041805 0.9661582 0.9251145 0.7051864 0.9593858 0.9752968
0.8845711 0.6352309 0.2127411 0.2109817 0.2568991 0.3663959 0.9046574 0.9612452 0.9362362 0.787444 0.959055 0.9733897
0.8665187 0.7041427 0.2963922 0.2092529 0.08415353 0.3476044 0.9073202 0.9653619 0.9420284 0.7670727 0.9614237 0.9765243
0.8269847 0.6039362 0.2454496 0.1970277 0.2288899 0.5081537 0.9255856 0.9586163 0.9522446 0.8362775 0.9428651 0.9550206
0.8911367 0.6182113 0.359743 0.3242139 0.3390652 0.5473337 0.928596 0.974908 0.931047 0.8076981 0.9695028 0.9834633
0.8760548 0.6599195 0.3732862 0.2652989 0.326686 0.3970064 0.9097317 0.9669754 0.9315559 0.8071337 0.9637468 0.9773041
0.8990472 0.6860048 0.1913865 0.1611111 0.1451204 0.4747816 0.9213147 0.9688338 0.9373561 0.7876195 0.9617322 0.9755006
0.8692537 0.6872397 0.2571019 0.2054968 0.3183894 0.5073051 0.8955897 0.9673283 0.9386285 0.7839867 0.953584 0.973606
0.8976376 0.5742969 0.2822442 0.2806926 0.2768444 0.4537097 0.8916494 0.9773143 0.9520728 0.81129 0.9642954 0.9696742
0.8787099 0.6637801 0.2829718 0.371773 0.1308572 0.3666694 0.8902041 0.9635262 0.9306516 0.8203232 0.9557408 0.9748746
0.8804396 0.6004142 0.2460663 0.3061473 0.3061822 0.4296324 0.8796583 0.9598229 0.9284506 0.8303878 0.9518012 0.9741714
0.8652906 0.6267828 0.3509635 0.2063024 0.3103583 0.384621 0.9301291 0.9611083 0.933176 0.7105156 0.9569882 0.9740361
0.8665432 0.6307264 0.4183006 0.03921713 0.249576 0.3576162 0.8906319 0.9672129 0.935573 0.7889794 0.9588054 0.9700198
0.8997461 0.6187028 0.2329922 0.2861007 0.2505191 0.3709986 0.9036596 0.9720722 0.9470136 0.7474553 0.9634086 0.9773083
0.8143844 0.5122667 0.3225654 0.1342183 0.3264802 0.343278 0.920643 0.9628801 0.922694 0.754065 0.9587694 0.967786
0.8771333 0.7748028 0.2629848 0.1131599 0.3451275 0.2580193 0.9199727 0.9729477 0.9417303 0.7976854 0.9669272 0.9727471
0.8421463 0.6230961 0.2170672 0.3482999 0.3876585 0.5199575 0.8802862 0.9665065 0.9253992 0.7449766 0.9503889 0.9636066
0.9161058 0.7021567 0.3304722 0.1812821 0.3677897 0.5259419 0.9252661 0.9742223 0.9469547 0.857868 0.9672837 0.9795281
0.8724917 0.7182008 0.249543 0.187978 0.1549732 0.3247529 0.8614386 0.9487374 0.912608 0.7765352 0.9578587 0.9778544
0.8776442 0.6586605 0.2945454 0.2033835 0.2172513 0.4264869 0.8859534 0.9690435 0.9298953 0.7438663 0.9583368 0.9737122
0.8677125 0.6183165 0.2857363 0.1898268 0.3013892 0.4527289 0.8883601 0.9541731 0.9096981 0.7378179 0.9678802 0.9737278
0.8721264 0.6269164 0.2083822 0.2179406 0.2048655 0.3734107 0.9310281 0.9787608 0.9420617 0.8235249 0.9662201 0.9765255
0.8916973 0.5461051 0.1323946 0.08207626 0.3589358 0.5376988 0.905728 0.9665455 0.9116264 0.7790196 0.9566187 0.9712011
0.8836285 0.5547581 0.2567592 0.02254165 0.193631 0.4198819 0.909033 0.9620677 0.9392738 0.7982651 0.9446101 0.9681985
0.8677653 0.6238933 0.2628231 0.06937259 0.1251903 0.4298995 0.9139972 0.9721611 0.9430539 0.8406361 0.9665895 0.9803664
0.8754253 0.6227741 0.2391376 0.312694 0.142033 0.463465 0.916672 0.9700548 0.8988317 0.745989 0.9461253 0.9654604
0.8636541 0.6521841 0.2707871 0.1615701 0.2678844 0.2491793 0.9141788 0.9691569 0.9270737 0.7786069 0.9621353 0.9747997
0.8347498 0.6186929 0.2972871 0.2461054 0.2601109 0.2942564 0.8912008 0.9562231 0.9329915 0.7807595 0.9596192 0.9725651
0.9013664 0.6787757 0.3844707 0.2839047 0.3711946 0.4885446 0.9276571 0.9762786 0.946463 0.7884846 0.9716534 0.97613
0.9099708 0.7135259 0.2562607 0.2415678 0.3375206 0.6513526 0.9245489 0.9802276 0.948182 0.7821624 0.9650814 0.9727578
0.8997888 0.5577828 0.2060562 0.1949828 0.3114072 0.4887752 0.900673 0.9670146 0.9485319 0.7820805 0.9617665 0.9731107
0.890249 0.6095746 0.3244143 0.3011186 0.2552662 0.4305007 0.9198588 0.977172 0.9554255 0.7935865 0.9626223 0.9753409
0.8975025 0.5859922 0.2321188 0.235248 0.3328699 0.411657 0.8787475 0.9598993 0.9346023 0.8238623 0.9605071 0.9752215
0.8927565 0.7050275 0.296572 0.2451924 0.2134077 0.4403847 0.9318545 0.9728831 0.9426527 0.7768567 0.961909 0.9764076
0.883901 0.6539122 0.4054085 0.1481184 0.1917873 0.4298703 0.9165422 0.9681167 0.9427955 0.8090816 0.9466442 0.9740171
0.8896948 0.5903775 0.3058977 0.2655362 0.5118171 0.5139184 0.8832243 0.9658685 0.9404607 0.7261052 0.946376 0.9718026
0.8834502 0.6646196 0.2990951 0.3761443 0.3582233 0.4858036 0.885308 0.9589214 0.942682 0.7999698 0.9486074 0.9767286
0.9128502 0.7393874 0.2916801 0.2107714 0.3096127 0.446553 0.8996799 0.9640051 0.9460052 0.8095181 0.9650031 0.9746645
0.847117 0.4940378 0.1139611 0.3122021 0.3358975 0.2975242 0.9320799 0.968215 0.9367904 0.8051887 0.9632788 0.9763072
0.8768922 0.4864077 0.2961013 0.3853956 0.3481798 0.4604291 0.9028514 0.9656553 0.9462242 0.8077008 0.9498305 0.974122
0.859809 0.6236314 0.333369 0.1983318 0.2879408 0.359714 0.9247501 0.9656139 0.9272312 0.7576258 0.9632354 0.9735324
0.8696896 0.5447714 0.138585 0.2021125 0.2303498 0.5114708 0.8803144 0.9633727 0.9379811 0.7883042 0.9642592 0.9649837
0.8707808 0.6415898 0.2433725 0.3028051 0.2436921 0.5294537 0.9234075 0.9659411 0.9322407 0.7722384 0.9549759 0.9765416
0.850041 0.6244002 0.2897248 0.05236096 0.3671582 0.2683838 0.8898763 0.9513136 0.9222339 0.7087353 0.9539866 0.9679491
0.8928152 0.679718 0.3470959 0.2594632 0.2260465 0.5353628 0.903992 0.9748866 0.9443789 0.8052286 0.9552052 0.9802648
0.8079983 0.4270602 0.156585 0.2533235 0.2822721 0.4405189 0.912272 0.969699 0.9373508 0.7923628 0.9554893 0.9723492
0.8931554 0.6492311 0.3604734 0.1416901 0.2781155 0.4132509 0.8858621 0.9714409 0.9133959 0.7763483 0.958234 0.9789577
0.8395051 0.7194443 0.2935061 0.3746557 0.3632675 0.5399824 0.923186 0.9695697 0.9383701 0.7676653 0.9502665 0.9749613
0.8693954 0.6265366 0.3170885 0.2626214 0.2982308 0.5365001 0.9230366 0.9754429 0.9436348 0.8142815 0.9651093 0.9816198
0.8651861 0.5945361 0.2795969 0.3272165 0.2854974 0.4263516 0.8883144 0.9604481 0.9284738 0.8119829 0.9504321 0.9761461
0.8805312 0.6835488 0.3176417 0.1485758 0.2781343 0.4419418 0.9301568 0.966501 0.9383765 0.8073829 0.9689292 0.9783644
0.8469695 0.6210023 0.4155226 0.1355454 0.1405654 0.5127688 0.9357912 0.9705038 0.9446746 0.8435685 0.972205 0.9791362
0.8835432 0.5069462 0.2408631 0.2519126 0.157921 0.3376834 0.9058474 0.9698739 0.9247174 0.8348909 0.9667792 0.9756901
0.8355824 0.5991891 0.3695602 0.129126 0.1595346 0.5177221 0.8999151 0.962754 0.9503543 0.7825563 0.9667313 0.9698691
0.8685209 0.6999093 0.020798 0.09881392 0.3097077 0.3932511 0.8785745 0.9669884 0.9147808 0.741659 0.9639857 0.9745686
0.8686992 0.5839958 0.2832894 0.2903008 0.3664675 0.3278139 0.9037513 0.9593357 0.9364082 0.8277029 0.9541062 0.9640171
0.8949118 0.6635485 0.2475438 0.1910214 0.1920977 0.3760916 0.8799971 0.9555891 0.9385194 0.7965993 0.9638258 0.9752877
0.9097378 0.599702 0.265628 0.4132952 0.1166062 0.4557429 0.913248 0.9668596 0.9086463 0.7921817 0.9485546 0.9716344
0.8826334 0.5641342 0.3073291 0.1511175 0.3477111 0.5392679 0.9319875 0.9661592 0.942504 0.739932 0.951253 0.9755425
0.8927581 0.6571912 0.3830397 0.1153241 0.263668 0.187669 0.9299961 0.9729576 0.928942 0.8157497 0.9620135 0.9793785
0.8918534 0.5327603 0.2543181 0.1204274 0.2984157 0.4414339 0.8829577 0.9527483 0.9333095 0.7564846 0.9630779 0.9737656
0.9105138 0.6002198 0.2320633 0.1326064 0.2611308 0.5523526 0.9318385 0.968453 0.9454343 0.7977413 0.9713685 0.9754004
0.8747648 0.6383981 0.2115653 0.2850434 0.3141835 0.4896645 0.9381002 0.9811521 0.9552507 0.8137076 0.9682292 0.9740189
0.8762587 0.6296012 0.4023806 0.218596 0.4536909 0.354999 0.8832308 0.9636512 0.93566 0.7905022 0.9640697 0.9726476
0.8691405 0.6640432 0.2346852 0.108383 0.1382758 0.4150229 0.9020186 0.9618508 0.9369735 0.8043694 0.9683562 0.9840644
0.8720363 0.52235 0.2792642 0.3869969 0.2383571 0.3124659 0.9159094 0.9674594 0.9414871 0.751844 0.9650317 0.9736341
0.8122732 0.6174523 0.2006042 0.2521933 0.1916315 0.3895424 0.8968389 0.961881 0.9196107 0.7636874 0.946896 0.9716532
0.8831978 0.6422385 0.2312648 0.1036435 0.09521986 0.487495 0.9250073 0.9712571 0.932671 0.7905925 0.9618755 0.9777333
0.8897452 0.6402659 0.3780233 -0.04294284 0.426776 0.4815645 0.9234062 0.9636768 0.9442669 0.8114631 0.959076 0.9738626
0.8928701 0.6698782 0.2021298 0.2005473 0.1942267 0.373645 0.9265815 0.9699197 0.929269 0.8044662 0.966682 0.9776792
0.8459499 0.6211259 0.223165 0.2272592 0.2650181 0.3895476 0.9012382 0.9704393 0.9390314 0.7574263 0.9443714 0.9686488
0.8907525 0.618888 0.3246834 0.3134175 0.238114 0.4293539 0.888055 0.9581592 0.9292304 0.7843293 0.9472428 0.9638432
0.8780066 0.6707941 0.4016506 0.2939775 0.2921329 0.4837579 0.9090398 0.9654226 0.9326883 0.8152427 0.961816 0.9786324
0.8274651 0.6448282 0.2716939 0.2978878 0.155621 0.515377 0.9078462 0.9715213 0.935089 0.7797593 0.9536263 0.9715219
0.8795902 0.5514436 0.2499132 0.2334186 0.3566679 0.4431066 0.9037159 0.9750531 0.9329092 0.7467528 0.9742898 0.9709832
0.8596347 0.6721708 0.3155093 0.242661 0.3380658 0.3035142 0.9142867 0.9726773 0.939857 0.8183828 0.9662329 0.9739029
0.8696219 0.6324633 0.1523073 0.09367016 0.306937 0.3646603 0.9100978 0.9602855 0.9389744 0.7861814 0.9614803 0.9753768
0.9066817 0.6217928 0.4098559 0.1276836 0.2746331 0.3901316 0.9024745 0.9646403 0.9444166 0.7840669 0.9580872 0.9684032
0.8511966 0.7301033 0.2747454 0.2587368 0.1737203 0.3938519 0.9045748 0.9746585 0.932854 0.8027838 0.952934 0.9622537
0.8781179 0.6434965 0.2523813 0.2282773 0.2445072 0.2683048 0.8997105 0.9642226 0.9470664 0.7652643 0.9664485 0.980421
0.8559016 0.6253833 0.2422612 0.2751035 0.1681332 0.4983909 0.9109121 0.9710719 0.9175492 0.7892448 0.9576487 0.9766446
0.8848146 0.6845335 0.289558 0.2543975 0.1669477 0.3563366 0.9070003 0.9603918 0.9115847 0.8021544 0.953912 0.9695779
0.8741357 0.4843495 0.1294655 0.099236 0.3443527 0.3922819 0.9073438 0.9681603 0.9464459 0.8197859 0.9573296 0.9742606
0.8772965 0.5871318 0.221542 0.08667142 0.1880473 0.4022053 0.9105838 0.96023 0.9359684 0.7429407 0.9518632 0.9710109
0.8582851 0.5927239 0.3063449 0.2755182 0.3150557 0.3302604 0.8850114 0.967949 0.9181984 0.7198279 0.9368841 0.9709429
0.8932496 0.5945825 0.3697011 0.269572 0.3137081 0.3684259 0.9192363 0.9708454 0.9476375 0.7723241 0.9562961 0.9769552
0.8531803 0.5490275 0.342475 0.2391689 0.3071873 0.4904747 0.9083282 0.9602868 0.9322608 0.7708517 0.9506979 0.968482
0.8821468 0.6406901 0.347983 0.241047 0.2056693 0.3255349 0.9048879 0.9708054 0.9381987 0.785101 0.9639925 0.9693459
0.8402486 0.6336054 -0.03155133 0.2172732 0.2637382 0.3471625 0.8858646 0.9686328 0.9425432 0.7565667 0.9431943 0.9651113
0.8841491 0.6683559 0.1780597 0.1714868 0.2331654 0.5810125 0.9383325 0.9761661 0.9446676 0.8099251 0.9590338 0.9715667
0.8861688 0.5970623 0.1651601 0.2593873 0.2230954 0.3875212 0.8858083 0.9674321 0.9361013 0.7590362 0.9595709 0.9777797
0.8337066 0.6615682 0.3270349 0.3355306 0.3364038 0.3430816 0.9223193 0.9658118 0.9367593 0.8149335 0.9470168 0.9675838
0.8798686 0.6685151 0.2810223 0.2058499 0.3609456 0.490517 0.930282 0.9725861 0.9508188 0.8202913 0.956147 0.983608
0.840924 0.5952931 0.3852086 0.2802907 0.1701592 0.3400357 0.9129412 0.9603102 0.9306488 0.7686729 0.9576502 0.9768871
0.8687752 0.5626643 0.1023427 0.203963 0.3526898 0.3941495 0.9255648 0.9679671 0.9390708 0.7946099 0.9606035 0.9735215
0.8693492 0.6346824 0.1760232 0.08953453 0.284893 0.3053385 0.9384525 0.9668843 0.9483341 0.8308682 0.9566452 0.9702147
0.8779583 0.6274147 0.3321882 0.2846307 0.3783072 0.5779327 0.9131491 0.9588399 0.9242816 0.771224 0.9574475 0.9742339
0.8927118 0.590145 0.3352944 0.1969757 0.1945628 0.4977887 0.9213372 0.9634941 0.9224311 0.7482489 0.9526272 0.9754855
0.880639 0.5812787 0.2618361 -0.03997661 0.3489641 0.3043705 0.9121341 0.9589849 0.9344734 0.8681141 0.9553349 0.9711422
0.8872649 0.6495197 0.4529308 0.1736867 0.4529673 0.4083221 0.915318 0.9714517 0.9239288 0.7806051 0.9648018 0.9704744
0.8754054 0.5817258 0.3457547 0.3036942 0.3013766 0.4650484 0.9196655 0.9703094 0.9390895 0.7409702 0.9548065 0.9620154
0.8639968 0.7109287 0.2180833 0.3466066 0.1923464 0.4491554 0.9229972 0.9601409 0.9218364 0.8137644 0.9541239 0.9748344
0.846458 0.5187879 0.3339109 0.2284279 0.309771 0.3962802 0.9141818 0.9518529 0.9511087 0.7150492 0.9589999 0.9725845
0.8811035 0.5888105 0.3156076 0.2146395 0.3469515 0.4027301 0.9358791 0.9800222 0.9552398 0.7926074 0.9595513 0.9768343
0.8860441 0.5783235 0.2306146 -0.0001780889 0.108025 0.3595339 0.9074945 0.9729904 0.9415409 0.756735 0.9652316 0.9791683
0.9099959 0.6692608 0.3472828 0.2956626 0.1842046 0.4156579 0.9069443 0.9676485 0.9303119 0.7990946 0.9591073 0.9750818
0.885795 0.5860035 0.3468377 0.1667 0.1966491 0.381864 0.9127762 0.9639374 0.9293182 0.7973606 0.9658306 0.9784747
0.8592591 0.6018799 0.2783942 0.1020898 0.2180692 0.2950147 0.895006 0.9642495 0.937697 0.8271101 0.9517912 0.9697254
0.9142429 0.643348 0.3582076 0.2827292 0.2564385 0.4695366 0.940616 0.9714168 0.9582157 0.8447273 0.9656003 0.9790826
0.8950427 0.622973 0.3100475 0.240612 0.1769638 0.4049802 0.9156443 0.969227 0.9432237 0.8372854 0.9455975 0.9794074
0.8679348 0.6777769 0.4448098 0.2929822 0.3774017 0.3444878 0.9004721 0.9661228 0.9184812 0.7770661 0.9578036 0.9801458
0.8817446 0.6303545 0.2969779 0.1470347 0.1125754 0.4555548 0.9224332 0.9705554 0.9535784 0.8263539 0.9556213 0.9707866
0.8676335 0.6516006 0.1792193 0.2917741 0.188781 0.2934108 0.9019093 0.9704801 0.9334512 0.7361068 0.9518759 0.9682423
0.8733187 0.6859364 0.3242199 0.2557445 0.3298887 0.4714148 0.9178888 0.9713172 0.9491836 0.8110454 0.9600796 0.9765246
0.880233 0.7088834 0.4104292 0.287251 0.2701515 0.4797155 0.9220552 0.9697751 0.943146 0.7500174 0.956289 0.9815361
0.8579069 0.5255661 0.2279796 0.1277133 0.3273051 0.4103225 0.90747 0.9748033 0.9369873 0.8398493 0.9625085 0.9727608
0.8868979 0.6583935 0.283876 0.1290683 0.3137345 0.2890388 0.9072426 0.9661981 0.936697 0.771231 0.9610588 0.9765201
0.8880211 0.686764 0.2080314 0.1271014 0.2179152 0.3416669 0.89712 0.9657153 0.9309318 0.7901082 0.961415 0.9723358
0.8890607 0.7277497 0.3777695 0.1589465 0.2239098 0.4527418 0.9305447 0.9680238 0.940983 0.8260383 0.9587633 0.9731934
0.8571286 0.5765393 0.2080305 0.1206442 0.3649863 0.3021424 0.8825834 0.9627051 0.9315289 0.7769269 0.9621922 0.9713255
0.8746598 0.6754598 0.3944283 0.1654327 0.2322884 0.4756644 0.895691 0.9735112 0.930789 0.7990366 0.9638559 0.9776963
0.8939985 0.7172338 0.3181449 0.2170026 0.4865909 0.4369983 0.9185666 0.9741666 0.954196 0.7938008 0.971027 0.9789966
0.8444523 0.6511268 0.3298367 0.2480777 0.2991518 0.3648227 0.8938084 0.9593656 0.9407337 0.6920992 0.9579783 0.9629414
0.8625931 0.6128998 0.1308606 0.07481396 0.1765123 0.4382596 0.921476 0.9721157 0.9517046 0.787656 0.9644995 0.9740603
0.8851573 0.5499035 0.3211039 0.03590819 0.3714646 0.5637431 0.924721 0.9744632 0.9344796 0.7385743 0.9614233 0.9715975
0.8762796 0.597801 0.2263237 0.2893896 0.2693066 0.5430011 0.891166 0.966962 0.9508879 0.7933334 0.9706923 0.9760814
0.8419859 0.5969433 0.040607 0.1994308 0.3218068 0.3941966 0.8652563 0.9660623 0.9390269 0.7662377 0.9518408 0.9703768
0.8922935 0.6205815 0.2989709 0.06833828 0.3772497 0.5882835 0.9147796 0.964894 0.9399729 0.7558204 0.9552258 0.9734488
0.8633162 0.6674288 0.3560497 0.2740797 0.3152365 0.394341 0.8847331 0.9641614 0.914687 0.7245021 0.9540798 0.9784097
0.9052869 0.6166933 0.2155377 0.3783981 0.2062004 0.2729555 0.9065221 0.9570526 0.9502498 0.7501112 0.9661789 0.9759248
0.8916031 0.6204509 0.2700746 0.1175531 0.3677353 0.3645748 0.9271176 0.9697075 0.9482724 0.8153569 0.97085 0.9815106
0.8535121 0.690731 0.3621276 0.2450992 0.2854563 0.3552178 0.9190415 0.9709812 0.9578998 0.814551 0.9684443 0.9760198
0.9009766 0.6339168 0.2874005 0.03847589 0.03672514 0.40965 0.9220431 0.9671697 0.9460338 0.7855751 0.9602435 0.9716249
0.8951668 0.6055895 0.240658 0.1678575 0.4182048 0.5172707 0.9015469 0.9585238 0.9233741 0.7088947 0.9620818 0.9677019
0.896864 0.6502575 0.2534768 0.2346857 0.4287849 0.4766965 0.9095964 0.9755392 0.9418855 0.7519223 0.9627533 0.9796209
0.8671876 0.6633096 0.2471726 0.2393896 0.2692162 0.4459923 0.9151591 0.9745884 0.936483 0.7661104 0.950117 0.9742108
0.8864217 0.6698454 0.3846187 0.211482 0.4045328 0.5445432 0.925051 0.9694088 0.9604503 0.7895637 0.9580853 0.9765863
0.866968 0.5120396 0.2094496 0.1371885 0.3894387 0.4884678 0.8804744 0.9593133 0.9317999 0.7644898 0.9587937 0.9733181
0.8912478 0.7361988 0.4056253 0.1878896 0.2784994 0.5656824 0.9054559 0.9744486 0.9464644 0.8082046 0.9588465 0.9789144
0.8622695 0.6302769 0.2570193 0.08461062 0.2660031 0.4253068 0.9145986 0.9565166 0.9316071 0.7812171 0.9635413 0.9774049
0.8798253 0.6944497 0.2044278 0.2344886 0.2371031 0.5160997 0.9052454 0.9708763 0.9471683 0.8179231 0.9678969 0.9686571
0.8566992 0.5688872 0.2079649 0.1536473 0.2440375 0.4057672 0.893144 0.9698071 0.9207058 0.7912082 0.9624139 0.9736582
0.8839361 0.7092094 0.3303775 0.2021949 0.2999109 0.3582773 0.8907572 0.9689813 0.9248544 0.7412123 0.9610929 0.9727435
0.8861212 0.6054636 0.3670338 0.06075668 0.4310519 0.4863308 0.9032325 0.9563447 0.946054 0.8159038 0.9742305 0.9780717
0.849053 0.7075934 0.2832333 0.1418718 0.1813105 0.466518 0.8913044 0.9733546 0.9174159 0.7377991 0.9593196 0.9758188
0.877625 0.6413912 0.2356114 0.1878755 0.2866687 0.4237183 0.9190541 0.9699342 0.9420461 0.7928749 0.956214 0.9780027
0.9310747 0.68012 0.2841111 0.1348079 0.1346418 0.4268216 0.9059971 0.972757 0.9357644 0.8487512 0.9637379 0.9770882
0.8726391 0.6513572 0.2698709 0.3326493 0.09344141 0.3495044 0.9093718 0.9720195 0.9330265 0.8121054 0.963794 0.9691025
0.8923391 0.6973222 0.2410079 0.3309601 0.3402677 0.5293133 0.8977003 0.9764009 0.9397114 0.8148972 0.9620931 0.9766224
0.8891809 0.6527318 0.3090364 0.2234363 0.3472173 0.4103976 0.933418 0.9720165 0.9482545 0.8032004 0.9601886 0.9754786
0.8669401 0.6749241 0.2706728 0.2364953 0.2764555 0.3658592 0.9070619 0.9535169 0.9246631 0.7877266 0.9513945 0.9712139
0.8996118 0.7347444 0.2543402 0.1716872 0.3225266 0.2409025 0.8945491 0.9500829 0.9346512 0.7996752 0.9650772 0.9772575
0.8516452 0.6274352 0.3423433 0.09357289 0.4066904 0.3183515 0.908088 0.96608 0.9489557 0.7309478 0.9541159 0.9707254
0.8854573 0.6828637 0.3065659 0.2880194 0.3334435 0.5436873 0.9166868 0.966565 0.9329195 0.7592749 0.9561906 0.9721995
0.9041342 0.5936973 0.2676261 0.2772054 0.2146638 0.3458912 0.9284013 0.9746688 0.9474417 0.8119971 0.9668786 0.9767809
0.8623096 0.668131 0.3684729 0.2642213 0.3761586 0.4890662 0.914975 0.9758895 0.9514192 0.8145793 0.9627746 0.9720453
0.8812542 0.6491388 0.2848428 0.1959293 0.2008181 0.5467092 0.8753481 0.9669413 0.9145782 0.7926211 0.9651468 0.968902
0.9162076 0.6683332 0.4986723 0.2615131 0.380512 0.4237204 0.9254556 0.9692387 0.9440628 0.8421185 0.9680384 0.9803796
0.8780376 0.6854446 0.1324348 0.1987429 0.3448856 0.3438322 0.883828 0.9693342 0.9366994 0.7700542 0.9671624 0.9712181
0.8787022 0.5633868 0.3881065 0.2643791 0.1998616 0.4803089 0.9198069 0.9705498 0.9413678 0.7945668 0.9611812 0.9711021
0.8412006 0.5348855 0.3848354 0.09569694 0.1618846 0.4899536 0.8922278 0.9553513 0.9385938 0.7729806 0.9524587 0.9733272
0.8906482 0.6785455 0.1857411 0.05268099 0.2924521 0.4041633 0.8883168 0.9627236 0.9246332 0.8165046 0.9570349 0.9737437
0.8117728 0.6374282 0.39117 0.3685094 0.3481948 0.4652091 0.9056666 0.9697953 0.9322621 0.7039334 0.9517475 0.9690147
0.8457535 0.6241009 0.1111147 0.1729614 0.1236608 0.3983224 0.8915668 0.9615176 0.936693 0.7530612 0.964107 0.9798483
0.7995385 0.5148367 0.3765611 0.2324099 0.258166 0.433154 0.8837891 0.9713693 0.9352402 0.697277 0.9287269 0.9673816
0.8291347 0.5499097 0.3075442 0.1489188 0.3493156 0.3808698 0.9150283 0.9688168 0.9485283 0.7111956 0.9585683 0.9702088
0.8709802 0.6910102 0.2594973 0.2594414 0.3863605 0.4158543 0.9194475 0.9727965 0.9365056 0.7667484 0.9542292 0.9758669
0.9280006 0.6981707 0.1367376 0.1693594 0.3439552 0.3106915 0.9113905 0.9673831 0.955657 0.8313679 0.9646538 0.9813609
0.8872742 0.7013022 0.3689692 0.3653643 0.3874046 0.239639 0.9312764 0.9636952 0.9410908 0.7575086 0.9577091 0.973828
0.8762507 0.7188596 0.2817744 0.1657529 0.3666461 0.2909756 0.8963773 0.9627565 0.924737 0.7718495 0.956238 0.9682363
0.9077885 0.6262147 0.2847054 0.2832336 0.2852615 0.3814035 0.9336836 0.9719659 0.9451617 0.7714756 0.962084 0.9709211
0.8936425 0.6155112 0.2442946 0.1584178 0.3125784 0.4115432 0.9153157 0.9691183 0.9338798 0.8113594 0.9451107 0.9660271
0.8588913 0.6804829 0.2332839 0.257781 0.2897776 0.4233117 0.9241635 0.9514518 0.9218436 0.7508777 0.9610157 0.9794255
0.8754191 0.5944461 0.380126 0.1618345 0.4163524 0.5418438 0.9150803 0.9759156 0.9394726 0.7863835 0.9569207 0.9734711
0.8657822 0.7059228 0.3365499 0.01027841 0.2436915 0.4614461 0.921325 0.9648123 0.9310855 0.8133096 0.937218 0.9672454
0.8611283 0.5923113 0.1820151 0.2371998 0.3318846 0.3602153 0.8995524 0.9551996 0.9195142 0.7531079 0.9638425 0.9675866
0.8833151 0.6789224 0.1939185 0.1525252 0.3148354 0.5036329 0.9374592 0.9710978 0.9603451 0.8664743 0.9617241 0.9767237
0.8892487 0.5829314 0.1085176 0.2307475 0.3725766 0.3577742 0.9010379 0.9719031 0.9314685 0.8174291 0.9554327 0.9816793
0.8871154 0.7602133 0.1129253 0.1376798 0.344926 0.4335998 0.8677853 0.9677269 0.9359345 0.8327191 0.9546823 0.9744823
0.8403714 0.6458327 0.1717422 0.1749394 0.2367595 0.4962965 0.9088012 0.9674814 0.9360439 0.7191022 0.9454974 0.9636943
0.9076486 0.7264644 0.1364267 0.2207144 0.3452182 0.4441856 0.921009 0.9633408 0.9361014 0.8125262 0.9632371 0.976663
0.8913281 0.5820361 0.1913722 0.1858925 0.2621701 0.3905494 0.9215996 0.9761441 0.9357959 0.7932775 0.964611 0.9749465
0.8697619 0.6853108 0.2170102 0.2096981 0.2634246 0.4368407 0.9487808 0.9731652 0.9477566 0.8601671 0.9706802 0.9710048
0.8963786 0.6796578 0.2849655 0.2610186 0.4197264 0.3896867 0.922605 0.9652894 0.944879 0.8262516 0.9618665 0.9811125
0.8859137 0.6395831 0.392403 0.3489157 0.2243837 0.4108283 0.9168847 0.9726393 0.9314704 0.7597518 0.9657919 0.9773384
0.8733801 0.7063933 0.4210105 0.1770907 0.3835287 0.553043 0.8962813 0.9641121 0.9360684 0.8435641 0.9622858 0.9772437
0.8562039 0.5571467 0.1187115 0.1225128 0.302073 0.4547007 0.9152061 0.9639639 0.9206602 0.8070109 0.9734945 0.9758731
0.8942971 0.702511 0.2537048 0.4085912 0.2759393 0.4140108 0.8780673 0.9656191 0.920615 0.8210643 0.9684895 0.9725193
0.8561723 0.5869368 0.1462645 0.2914807 0.3382178 0.5845497 0.92288 0.9716406 0.9342866 0.8058696 0.9692665 0.9816801
0.8586198 0.5502001 0.004221281 0.1814622 0.3594373 0.5396186 0.8951045 0.9600693 0.9498321 0.7494535 0.9412431 0.9561719
0.9023672 0.6594028 0.2741502 0.1886279 0.2581061 0.4850837 0.9168578 0.9664018 0.9487154 0.827529 0.9639479 0.9743124
0.8866005 0.6737314 0.2522684 0.143161 0.1392509 0.4611559 0.9166663 0.954233 0.9412247 0.7284716 0.9556704 0.9694547
0.870149 0.7083467 0.3767248 0.06520415 0.3011141 0.4538813 0.9111341 0.9680135 0.9432462 0.8203036 0.9625679 0.9722181
0.8218508 0.4350962 0.325026 0.2776562 0.2645918 0.3636879 0.8865572 0.9566936 0.9212525 0.7858734 0.9502228 0.9651492
0.8573479 0.6317618 0.2908856 0.3122584 0.3250047 0.2964734 0.9188943 0.9805085 0.9456953 0.7725891 0.9616262 0.976641
0.876662 0.5226978 0.2136225 0.1982092 0.2151739 0.4988498 0.9250292 0.9613242 0.9341788 0.7519976 0.9627418 0.9725599
0.8635009 0.5903645 0.2897992 0.1929384 0.2233007 0.2432082 0.9245495 0.9769231 0.9479111 0.7577259 0.9592473 0.9786155
0.9087325 0.6395987 0.1963209 0.215442 0.2678293 0.4706502 0.9215212 0.9682333 0.9353313 0.8150924 0.9712405 0.9790202
0.9004229 0.7185454 0.2529324 0.1915796 0.3436132 0.4617081 0.9194761 0.9609725 0.9350132 0.8122607 0.9698149 0.9736815
0.8786843 0.678593 0.1949196 0.1428305 0.3387246 0.4627493 0.9046897 0.9714515 0.9293205 0.8440034 0.9679128 0.9797952
0.8345031 0.6317817 0.221437 0.05301614 0.378649 0.4585038 0.8995708 0.9743752 0.9342598 0.8359718 0.9620797 0.970003
0.8323852 0.6095851 0.216265 0.06734975 0.2654609 0.4061697 0.8838099 0.9621413 0.9269932 0.7804389 0.9552392 0.9710979
0.8580464 0.5771327 0.3584663 0.2608324 0.4094084 0.3861976 0.8954242 0.9720601 0.948414 0.834847 0.9555467 0.9719904
0.85299 0.5286737 0.4121971 0.2028061 0.1532012 0.3411902 0.9123832 0.9615661 0.9300918 0.7836259 0.9678316 0.9749054
0.8843551 0.6277213 0.1289325 0.1524406 0.2660314 0.2934021 0.8847242 0.9555369 0.8992169 0.7657179 0.9513012 0.9762982
0.8541265 0.7118285 0.2619172 0.2678426 0.1364752 0.3431809 0.888101 0.9638155 0.9321169 0.7348649 0.9630744 0.9746316
0.8722899 0.6824851 0.2882592 0.1787673 0.1867262 0.5652581 0.9009302 0.9698608 0.9445442 0.7806314 0.9686208 0.9736196
0.8784621 0.6432582 0.3799882 0.3126122 0.1398281 0.3808877 0.907362 0.9516008 0.9298055 0.8277596 0.9591745 0.9799389
0.8809668 0.5431442 0.14144 0.2525835 0.411003 0.2790335 0.9313855 0.966116 0.941054 0.8253913 0.9605349 0.9738636
0.832938 0.6333696 0.3422985 0.1179133 0.1942353 0.3767073 0.891109 0.9640203 0.9334185 0.7653796 0.9651762 0.9721049
0.8557588 0.6027118 0.1456938 -0.0001892856 0.2153317 0.4137404 0.922827 0.973021 0.9558766 0.7988856 0.9632448 0.9760896
0.8536387 0.6366464 0.3044668 0.06377575 0.3794891 0.475344 0.9100061 0.9622396 0.9384285 0.7582855 0.9577773 0.9721098
0.9026465 0.6690419 0.2986043 0.2589186 0.2633923 0.4139102 0.9281596 0.9609992 0.9284117 0.7958675 0.9676335 0.979661
0.9059934 0.7215289 0.2781629 0.08384133 0.378938 0.476865 0.9369084 0.9650516 0.9366879 0.8190109 0.9696671 0.9781374
0.8795601 0.6262543 0.2434708 0.09727033 0.2765283 0.476775 0.8981568 0.9704147 0.9370077 0.8048875 0.9665462 0.9772363
0.8882563 0.6644107 0.2899228 0.256899 0.1776745 0.4242394 0.9035699 0.9610043 0.9190818 0.7835251 0.9644524 0.9772906
0.9255517 0.6337869 0.06006454 0.258985 0.2526576 0.4021842 0.9065159 0.9665078 0.9348479 0.7593157 0.9603499 0.9749551
