0.663978 0.729411 1.403871 2.925816 6.628365 8.467231 5.103491 2.341485 2.013698 1.781828 0.924435 0.607346
0.6185495 0.727819 1.160543 2.354218 5.506275 7.188221 5.700131 3.918238 2.721076 1.468254 1.135008 0.8532967
0.6462007 0.7202476 1.175944 2.367395 5.088896 6.565419 5.007454 3.152506 2.012669 1.556554 1.212247 0.8887602
0.607093 0.6191845 1.250672 2.472219 5.346919 7.258981 4.625265 2.907173 2.109509 1.33097 1.055324 0.8034215
0.6649146 0.5913619 1.084607 2.386011 6.032201 7.41119 5.360031 3.274871 1.912922 1.454006 1.109053 0.8375024
0.716007 0.609074 1.189222 2.701454 5.998787 7.897058 5.83197 4.070822 2.814915 1.804751 1.406466 1.02999
0.6833487 0.6935259 1.190488 2.397222 5.231521 7.268016 5.176237 3.460188 2.191341 1.595991 1.116017 0.8546125
0.755995 0.6639006 1.081737 2.289267 5.897586 7.666198 5.529488 3.701497 2.502499 1.853977 1.192074 0.9136853
0.6650907 0.6630266 1.219299 2.293911 6.431964 7.187281 4.575714 3.071693 1.92448 1.453561 1.149474 0.8668508
0.7221854 0.7019385 1.201474 2.139636 5.492383 6.816664 4.659027 3.202519 2.125152 1.418781 1.170539 0.8833978
0.6232666 0.6533666 1.13288 2.246921 5.229285 6.90289 4.971961 3.003534 2.099417 1.487526 1.191908 0.9992617
0.6654571 0.63441 1.219549 2.23765 5.470788 8.016599 5.587972 3.730574 2.372175 1.4079 1.110811 0.8458481
0.6743701 0.5987937 1.129444 2.131129 5.813594 7.336439 5.027769 3.676505 2.011289 1.575491 1.227652 0.9419489
0.6816213 0.6511533 1.179491 2.142001 5.227847 7.676657 5.868968 3.659149 1.897938 1.474119 1.250761 0.878289
0.6603521 0.6788434 1.224387 2.210662 5.065939 6.580791 4.760132 2.926844 2.110946 1.578429 1.182916 0.9366035
0.6943358 0.6032653 1.157238 2.475693 5.31196 7.594617 5.128871 3.145649 2.210937 1.488476 1.207198 0.8542477
0.6588003 0.6765429 1.100208 2.217406 5.614035 7.528856 5.151509 3.772901 2.275948 1.934085 1.422685 1.081945
0.6431708 0.6161868 1.027643 2.659052 5.771149 6.77458 4.733231 3.030884 2.163261 1.369081 1.139336 0.9459768
0.7637057 0.6579544 1.120583 2.112483 5.049346 6.991939 4.408643 3.144778 2.073148 1.643782 1.415776 1.087234
0.5677684 0.5976695 0.9396137 2.32435 5.838556 8.016668 4.828195 3.178742 2.031362 1.411091 1.109972 0.8042187
0.6949584 0.6593261 1.151477 2.706894 5.624871 6.896721 4.712093 3.056186 1.851539 1.367055 1.14237 0.9285979
0.7097314 0.6364675 1.180972 2.345748 5.799323 8.949845 6.40334 4.01399 2.389999 1.684536 1.270949 1.013275
0.6884757 0.7022487 1.081916 2.394743 5.742071 7.908394 5.303111 3.801761 2.636288 1.757079 1.321003 1.009096
0.6558904 0.5930391 1.155184 2.319003 5.453081 6.617126 4.536735 3.304201 2.291892 1.78237 1.403052 1.228448
0.5797879 0.6490343 1.214456 2.585351 6.227183 7.282899 5.201482 3.155503 2.056992 1.561723 1.133107 0.8155206
0.6429545 0.6079556 1.209202 2.408891 6.951428 6.041364 4.497611 3.003947 1.935061 1.576481 1.287378 1.033207
0.6534137 0.6082491 1.078464 2.478178 5.932724 7.399778 4.929069 3.630547 2.297396 1.40406 1.112811 0.8159713
0.6596424 0.7217236 1.133169 2.702618 5.735271 6.466088 4.42786 2.779301 1.941001 1.803912 1.346321 1.033458
0.6530297 0.6620426 1.124653 2.35771 5.23636 8.318401 5.923497 3.952045 2.546238 1.445997 1.168606 0.939622
0.6990235 0.6618168 1.237574 2.255117 5.578646 7.136689 4.558835 3.167575 2.647137 1.703405 1.221003 0.9387438
0.6264819 0.6880928 1.129088 2.278814 5.312315 6.854939 5.061493 3.244178 2.172613 1.596287 1.161176 0.9031354
0.6918235 0.6597763 1.204739 2.626545 7.093857 7.352298 6.003806 3.810939 2.624532 1.592254 1.277654 1.032837
0.6661332 0.5700045 1.053858 2.026099 5.639734 7.849772 5.570137 4.004034 2.247133 1.417573 1.125719 0.8842475
0.7671562 0.610487 1.147158 2.169918 6.133894 7.710496 6.086303 3.836394 2.851157 1.698763 1.404217 1.091969
0.6929823 0.6659931 1.144582 2.320369 6.044122 8.234723 5.14306 3.940242 2.509562 1.696579 1.374538 1.13144
0.6629667 0.6675991 1.343576 2.308024 5.99083 7.317519 5.145764 3.323747 2.200576 1.751655 1.12612 0.8824764
0.7253298 0.6081899 1.177281 2.361324 4.977948 7.529052 5.353844 3.598419 2.492937 1.597427 1.281342 0.9800169
0.6054085 0.6804081 1.239932 2.421103 6.007456 7.250195 5.619846 3.790767 2.505033 1.551542 1.11951 0.7967812
0.7051313 0.6690092 1.238249 2.278592 5.825437 8.397877 5.481761 3.341327 2.423148 1.769108 1.365125 1.043266
0.6779024 0.6531899 1.076691 2.216807 5.638137 7.696408 5.000342 3.515655 2.038613 1.485002 1.209711 0.8466001
0.7187943 0.5943175 1.093874 2.58186 5.194283 7.167197 4.751237 3.076326 1.872359 1.878861 1.461329 1.119119
0.6871937 0.7099367 1.222301 2.610478 5.430937 7.019656 5.866466 4.161344 2.419792 1.391913 1.08149 0.8469951
0.6694129 0.6147665 1.094837 2.500434 6.078898 7.303382 4.629694 3.087683 2.038853 1.596662 1.171458 0.9031791
0.6755406 0.7274989 1.152759 2.568083 5.068751 7.540011 5.576703 3.635273 2.297188 1.650851 1.248317 0.9565367
0.626368 0.6861504 1.090562 2.49681 5.357304 7.734854 5.673562 3.879674 2.494173 1.672351 1.172609 0.8897156
0.6551497 0.6288437 1.057756 2.352173 5.832883 7.623509 5.869882 3.919105 2.374907 1.542858 1.21422 1.034155
0.6407825 0.6383974 1.013713 2.220375 5.598164 7.544263 5.238387 3.640244 2.192161 1.528173 1.247709 0.8926511
0.6700348 0.5816432 1.086609 2.146075 6.010385 6.551046 4.581091 3.049089 1.995173 1.532659 1.20072 0.9615231
0.5799095 0.6606921 1.16545 2.271673 6.027051 8.281929 4.886909 3.140158 2.202387 1.569353 1.267064 0.9506753
0.6651568 0.6519014 1.19459 2.378811 6.288512 7.516191 5.666703 3.51995 2.077987 1.539954 1.300885 0.9954509
0.6218933 0.6116812 1.298513 2.409797 6.13257 7.716526 5.588741 3.269293 1.845443 1.381161 1.115936 0.8555611
0.7412895 0.613181 1.198476 2.538306 5.175396 7.167229 5.453624 3.63064 2.286631 1.639015 1.313057 1.002279
0.699619 0.6978336 1.229197 2.464326 5.303818 6.925802 5.398007 3.345192 2.101465 1.621051 1.234901 0.9367683
0.5717387 0.639794 1.292857 2.964363 5.391243 7.617387 5.427983 3.400075 2.4391 1.690845 1.293375 0.9395347
0.6176027 0.6150627 1.2001 2.163733 5.525157 6.819655 4.63799 3.407746 2.353235 1.349931 1.114031 0.8785969
0.6372161 0.6439839 1.063118 2.322987 5.331057 7.987284 5.660167 4.213188 3.1064 1.607589 1.216267 0.9818634
0.6509128 0.5790154 1.140216 2.238871 5.020486 6.743922 4.625605 2.80978 2.04268 1.815745 1.317608 1.074293
0.6857568 0.5932002 1.015711 2.059477 5.199321 7.805128 5.349612 3.680538 2.092636 1.448136 1.24207 0.9709393
0.7225948 0.6296153 1.079117 2.699112 5.075764 7.419187 6.316383 4.568037 3.296844 1.965282 1.460597 1.091534
0.6560858 0.5846491 1.060503 2.647824 5.127398 6.776614 4.453294 2.677315 1.901122 1.347777 1.16016 0.9562717
0.6708645 0.609572 1.035966 2.464844 6.003254 8.537326 5.668506 4.150237 2.398826 1.555955 1.194453 0.9446389
0.5882821 0.6250584 1.118724 2.309315 5.043636 6.510086 5.075363 3.315878 2.27026 1.326148 0.9640236 0.7757967
0.6748461 0.5915658 1.0714 2.599665 6.048361 7.450284 5.010223 3.247773 1.98027 1.538823 1.186409 0.85445
0.636608 0.6503738 1.027693 2.699899 5.478403 7.305071 5.147605 3.376457 2.298686 1.312067 1.12504 0.9217999
0.7191448 0.6041119 1.156218 2.301227 5.275824 7.377284 5.324432 3.591866 2.323546 1.629911 1.397577 1.056028
0.7496073 0.7029776 1.071508 2.521077 5.466059 8.06321 7.067987 4.813214 3.003742 1.827477 1.323558 1.091039
0.6261732 0.5971408 1.258404 2.552723 6.177673 7.176365 5.303574 3.560903 2.141993 1.702912 1.336552 0.9757115
0.6220869 0.5956173 1.118468 2.134989 5.623383 7.343045 5.230039 3.434279 2.449193 1.489026 1.25521 0.9819886
0.6088629 0.5637099 1.189485 2.320238 5.713885 7.24088 4.739092 3.368353 2.199244 1.435132 1.117305 0.8283841
0.6800355 0.6213492 1.138005 2.493862 5.889971 7.366693 4.747381 3.172413 1.945254 1.235593 1.067506 0.8955502
0.6106593 0.6406872 1.214065 2.612599 5.240485 6.666459 5.193332 3.449922 1.965141 1.207487 1.046904 0.8001904
0.6235582 0.5858915 1.119935 2.258153 5.90155 7.445333 4.975361 3.549444 2.409968 1.610028 1.260291 1.037473
0.7024199 0.6338343 1.111506 2.535342 5.743817 7.728168 5.341142 3.963186 2.444809 1.751699 1.420057 1.084609
0.6595603 0.7101408 1.152884 2.246409 6.152431 7.633349 5.062729 3.522339 2.347884 1.40542 1.029127 0.8107776
0.691087 0.6916472 1.183417 2.192253 5.0439 7.994015 4.897601 3.355536 2.020662 1.447658 1.200874 0.9931061
0.628362 0.6106824 1.113902 2.663505 5.308427 7.332987 5.179237 3.858407 2.754618 1.495438 1.176058 0.8900169
0.6776414 0.7087008 1.078618 2.288943 5.333275 7.230812 5.286947 3.582778 2.116783 1.552337 1.074887 0.7795797
0.6521205 0.6687534 1.06995 2.183118 5.288673 6.634178 4.097073 2.794148 1.759786 1.125333 0.9091671 0.7365193
0.7329696 0.6120403 1.109423 2.126676 5.682736 7.833634 5.301036 3.577423 2.124854 1.770698 1.233675 1.070408
0.6458924 0.6134682 1.133343 2.376157 5.06556 6.879728 5.524973 3.814918 2.476925 1.696984 1.293367 0.9989419
0.7179162 0.7003083 1.154349 2.316114 5.729965 6.937935 4.399416 2.856477 1.945122 1.517006 1.327202 1.086162
0.693063 0.6902291 1.210983 2.466455 5.519272 8.641549 5.987434 3.907652 2.399493 1.678401 1.326016 1.061019
0.6509487 0.6108259 1.207948 3.46291 5.920455 7.600677 5.542249 3.442436 2.450345 1.68445 1.230913 0.9223782
0.6123652 0.6084497 1.055238 2.593908 5.494164 7.880419 5.058396 3.202911 2.121517 1.51251 1.123125 0.8659792
0.7506954 0.716471 1.035948 2.136741 5.262906 6.919894 5.200912 3.518489 2.163255 1.446938 1.12643 0.8826536
0.6464474 0.6409489 1.198629 2.182453 5.6047 8.802178 6.065641 3.622022 2.221388 1.377272 1.104438 0.9409911
0.6689321 0.7204684 1.096012 2.489289 5.585884 6.898531 4.900563 3.356488 2.18574 1.818505 1.306974 1.018144
0.6412721 0.6708126 1.106721 2.311293 5.31401 6.862057 5.694241 3.608814 2.405628 1.383108 1.101086 0.883892
0.6608932 0.6436899 1.064378 2.346758 5.665385 6.632665 4.069102 2.653571 1.787246 1.537108 1.089805 0.8319145
0.6146643 0.7065164 1.204472 2.585715 5.759888 6.160289 4.567684 3.251991 1.929327 1.245554 1.050506 0.7845377
0.7458635 0.6698989 1.060317 2.266709 5.755509 7.71683 4.648687 3.122475 2.050651 1.583945 1.226763 0.9569736
0.6126989 0.6556354 1.218876 2.444133 5.16839 7.571621 5.338849 3.55346 2.058897 1.462086 1.12474 0.8194587
0.6598119 0.607298 1.156414 2.189588 5.312795 8.675363 5.701028 4.558335 3.126963 1.641766 1.202114 0.9503782
0.6560584 0.6599645 1.190357 2.186714 5.239946 6.476418 4.873353 3.086875 1.881426 1.329203 1.03732 0.8852074
0.6094638 0.6597726 1.081961 2.258319 5.890436 7.074546 5.338635 3.585518 2.589972 1.552899 1.188478 0.9203814
0.6185001 0.6710707 1.040462 2.270828 5.634192 7.825611 5.50199 3.546712 2.454614 1.644114 1.236483 0.874145
0.6907511 0.7328793 1.035771 2.377105 5.165765 9.020147 6.136128 4.169041 2.491996 1.677009 1.37961 1.094155
0.5965691 0.6700025 0.9768751 2.556197 5.349364 7.836935 6.067738 4.396891 2.71739 1.480399 1.073443 0.8921702
0.6997345 0.6633876 1.114423 2.32793 5.476878 7.08718 4.871418 3.440052 2.372667 1.678097 1.191691 0.9069605
0.6472482 0.6265734 1.080463 2.460622 5.16074 8.575505 6.050182 4.47329 2.839038 1.783724 1.441391 1.037858
0.6956604 0.745918 1.044776 2.860849 5.251015 8.222269 6.452377 4.110207 2.721509 1.583378 1.290893 0.9536705
0.6091371 0.658226 1.165604 2.107563 5.295103 7.582706 5.340327 3.620739 2.394883 1.638975 1.139578 0.9001713
0.7175584 0.615746 1.219145 2.306746 6.221602 8.004512 6.146917 4.042433 2.62525 1.541578 1.206974 1.042904
0.6673483 0.6712147 1.203003 2.138128 5.84827 7.520266 4.430459 3.121532 2.254499 1.388959 1.107611 0.9251358
0.7536306 0.5812542 0.9748117 2.67172 4.960717 7.476961 5.818278 3.997851 2.267332 1.389886 1.123136 0.9150145
0.656156 0.6385312 1.130904 2.485294 5.863588 6.95289 4.725658 2.945235 1.882493 1.451254 1.063444 0.8855698
0.7480308 0.6283526 1.16816 2.118795 5.977141 7.599455 5.125106 3.988117 2.501398 1.529511 1.168672 1.025599
0.6871729 0.6075377 1.158232 2.290348 4.994372 6.811663 5.072994 3.379816 2.136448 1.340555 1.062584 0.8170836
0.7687202 0.6715014 1.181181 2.312381 6.355888 7.738604 5.950175 3.866962 2.654797 1.657504 1.249364 0.9968677
0.6876088 0.6820667 1.114727 2.926026 5.476691 7.265055 5.052444 3.351671 2.128713 1.535773 1.318192 0.9774652
0.699553 0.6729519 1.146826 2.432248 5.232403 7.617475 5.532707 3.418771 1.930284 1.382365 1.184163 0.9165055
0.668108 0.6191347 1.164712 2.431279 5.08194 6.841734 4.858347 3.197186 2.049692 1.810585 1.253369 0.9564374
0.6121015 0.605024 1.200644 2.2262 5.259198 8.502591 6.024534 3.834415 2.413939 1.491341 1.207948 0.9115926
0.7176201 0.6165412 1.192806 2.303996 5.951271 7.202291 5.468985 3.533908 2.126185 1.722685 1.276663 0.9224626
0.7492677 0.6868134 1.211469 2.51817 5.63437 7.168148 5.375332 3.779944 2.148433 1.463981 1.238248 0.9682299
0.716206 0.6321861 1.234697 2.3044 5.531854 8.047404 6.528092 4.188908 2.56726 1.46981 1.114589 0.8587875
0.5925446 0.6839667 1.160274 2.433822 5.302983 7.315616 5.69387 3.690713 2.477168 1.50397 1.192647 0.8472098
0.6039864 0.6130597 1.076582 2.181046 5.641847 6.884681 5.33396 3.618279 2.315319 1.386497 1.083177 0.8069441
0.6795649 0.652548 1.096497 2.574701 5.008955 6.58636 4.905234 3.462489 2.270906 1.403045 1.047639 0.8359479
0.6634645 0.6729615 1.427283 2.389958 5.082486 7.285344 4.934135 3.556943 2.342073 1.347049 0.9930252 0.8037887
0.6887191 0.6321824 1.07611 2.382888 5.10264 7.445277 5.007118 3.605483 2.534857 1.813254 1.338322 0.9679566
0.6520428 0.5951393 1.092135 2.338603 5.671313 7.377888 4.935147 3.496836 2.368816 1.402743 1.161708 0.9236002
0.6739122 0.6690122 1.108865 2.508552 4.933196 7.079345 4.956374 3.359507 1.998435 1.346269 1.159938 0.9169308
0.7547764 0.6485748 1.169889 2.843346 5.227697 6.881671 4.769704 2.960209 2.192927 1.430367 1.258289 1.027336
0.7005404 0.6999455 1.081456 2.31578 5.051848 7.027717 5.267946 3.765589 2.195967 1.517182 1.203478 0.9204351
0.6702621 0.7235323 1.23798 2.311914 5.266706 7.073289 5.277857 3.330744 2.068748 1.625103 1.192535 0.8849644
0.6952269 0.6686209 1.188221 2.298639 5.298409 7.745092 5.242572 3.216614 2.235896 1.648343 1.30286 0.9530309
0.6322263 0.6487092 1.229703 2.64683 4.850511 7.341809 5.422535 3.444519 1.965148 1.32686 1.026038 0.9255401
0.6808397 0.6664017 1.095126 2.338532 5.825311 8.036506 5.620467 4.069057 2.73771 1.665755 1.291438 0.9835286
0.6842863 0.6226338 1.299553 2.370666 6.036604 7.54876 5.678916 4.282605 2.459082 1.809224 1.273222 0.9476455
0.6634651 0.6814662 1.278702 2.307158 5.536142 7.390681 4.94209 3.371667 2.197289 1.763572 1.334805 1.075836
0.7112811 0.648724 1.128633 2.321022 5.422459 7.369938 5.223485 3.341144 2.451663 1.559146 1.240843 0.9985816
0.6704521 0.7143975 1.230958 2.041332 5.994352 6.980265 5.458117 3.822941 2.409845 1.652924 1.19199 0.8371082
0.7148568 0.6226341 1.357062 2.394211 6.482795 9.479678 7.167801 5.434982 2.98197 1.757255 1.326914 0.9905678
0.6201926 0.6638824 1.128142 2.338809 6.393327 6.723304 4.88686 3.601944 2.268743 1.394447 1.153068 0.8607262
0.6886939 0.6635317 1.308943 2.453853 4.999437 8.43367 5.778133 3.636983 2.035897 1.634973 1.270453 0.9651688
0.5852164 0.6010214 1.118837 2.47247 5.31838 7.440963 5.736619 4.244095 2.659285 1.677388 1.296734 0.9626954
0.6300529 0.6602354 1.237533 2.165863 4.955532 7.206959 5.403968 3.972037 2.657218 1.459308 1.217099 0.9266315
0.6116211 0.6096807 1.080127 2.476781 5.556117 8.415786 6.480538 4.793192 2.716446 1.477733 1.167405 0.9007178
0.7442599 0.6740341 1.206772 2.400579 6.318308 7.199213 5.090361 3.420711 2.789596 1.779578 1.426491 1.135435
0.7167152 0.7053318 1.319858 2.381147 5.418669 7.466407 5.818314 3.986252 2.651441 1.572309 1.271651 0.9413548
0.6579644 0.5560823 1.226409 2.21865 5.938875 7.814076 5.004609 3.471917 2.213611 1.588704 1.360182 1.026417
0.6820298 0.7547635 1.065134 2.283336 5.178278 8.255749 6.311955 4.693684 2.750373 1.696374 1.310806 0.9708243
0.7251024 0.6807691 1.284346 2.580182 5.864366 7.609921 5.840782 4.460005 2.664419 1.672119 1.435921 1.033912
0.6653865 0.6474211 1.211358 2.633642 6.032333 6.741159 5.196643 3.690721 2.46821 1.379985 1.143623 0.8764582
0.660727 0.6275858 1.017952 2.247448 5.808882 7.79848 5.578881 3.892468 2.267494 1.353466 1.03921 0.8222285
0.7232497 0.6633884 1.065196 2.27463 5.802655 7.83622 6.395895 4.451821 2.704849 1.736449 1.253517 0.9716516
0.6928389 0.6214983 1.354401 2.511618 5.812048 8.506817 5.593941 3.773439 2.40056 1.554411 1.24068 0.9728155
0.7914419 0.6280549 1.238234 2.379465 5.317474 8.51661 5.804141 4.217957 2.793511 1.961031 1.645956 1.281363
0.7525401 0.6565801 1.105353 2.461583 6.063837 6.426362 4.903014 3.366393 2.610707 1.634597 1.374344 1.09906
0.6205563 0.647623 1.08123 2.211563 5.858133 8.613729 5.905229 3.713741 2.323145 1.422689 1.134813 0.8429968
0.6035903 0.6695895 1.192694 2.2697 5.635322 6.961623 4.800172 3.46541 2.320036 1.379385 1.026291 0.8102341
0.6866626 0.6574481 1.079491 2.243414 6.499559 7.063176 4.862305 3.456018 2.176487 1.389235 1.104127 0.8283307
0.6863322 0.6043914 1.039674 2.207822 5.88242 7.037853 4.578174 2.8522 1.709564 1.487576 1.11321 0.9384785
0.6487359 0.6392806 1.110092 2.104282 5.648422 7.914974 4.601632 3.171912 2.076819 1.537085 1.181597 0.936123
0.6408715 0.6134549 1.192379 2.400626 5.606551 7.074792 5.24032 3.633723 2.374329 1.56705 1.267471 0.8707675
0.6034839 0.6945831 1.293265 2.254619 5.231177 7.191098 5.061023 3.293195 1.997598 1.538685 1.040586 0.8989911
0.6880759 0.6266763 1.029742 2.289559 5.209141 6.697713 4.666683 3.306027 2.222264 1.711528 1.269576 0.9833673
0.6466914 0.7102792 1.045502 2.318966 5.739734 6.977662 5.101504 3.717816 2.262196 1.723745 1.358337 0.9225684
0.692731 0.6140071 1.053441 2.39482 5.570988 6.68479 5.101286 3.44396 2.441961 1.557812 1.238077 0.9872291
0.6865541 0.7663884 1.084163 2.484399 5.367768 6.782812 4.726315 3.541883 2.487195 1.641556 1.319172 0.9777549
0.7582147 0.6438111 1.088812 2.635936 5.422225 6.825761 4.939619 3.064312 2.123909 1.597495 1.34747 1.048966
0.605931 0.6398126 1.20036 2.492023 5.55527 7.546995 5.476867 3.778184 2.407865 1.523993 1.077224 0.8873118
0.6618742 0.6503777 1.040803 2.621802 5.767862 7.613032 5.342393 3.484439 2.076749 1.349269 1.108482 0.8380298
0.663978 0.6370395 1.016613 2.401182 5.480051 8.67189 5.523755 3.75899 2.495711 1.642354 1.328079 1.027862
0.7016281 0.6661638 1.048471 2.534081 5.401232 7.929431 5.704237 3.457623 2.277022 1.483871 1.212087 0.8924008
0.7410859 0.5949172 1.198995 2.144993 5.427298 7.358591 5.105823 3.044658 2.255277 1.515819 1.084652 0.8772884
0.7162715 0.6819748 1.153518 2.29486 6.235095 7.22615 5.036302 3.723035 2.505899 1.528909 1.227337 0.9120298
0.6256074 0.7073057 1.139426 2.067454 5.874763 7.022682 5.59211 4.07784 2.794865 2.035787 1.487099 1.114084
0.663978 0.6128433 1.099185 2.362585 5.748746 7.722121 4.96435 3.272462 1.919164 1.634942 1.338043 1.025952
0.6637277 0.6289093 1.187607 2.38297 6.023258 6.9598 5.033562 3.578031 2.518611 1.529156 1.180225 0.8818311
0.6442212 0.6045604 1.179658 2.481287 5.340611 6.940187 4.783818 3.354135 2.250533 1.518666 1.193979 0.875918
0.5830026 0.6272016 1.175888 2.275401 5.439566 6.68667 4.877738 3.517399 2.306 1.385458 1.122987 0.8627663
0.7084084 0.6680673 1.116508 2.349347 5.236229 7.325271 5.592961 3.666498 2.051706 1.548405 1.198867 0.9374537
0.6268753 0.6305216 1.065442 2.485397 5.483731 7.87653 4.873054 3.474865 2.15453 1.479686 1.043316 0.83131
0.6509311 0.5914374 1.19709 2.385769 5.22961 7.474922 6.426715 4.489092 2.49095 1.610214 1.390116 1.067401
0.6801588 0.6439926 1.428595 2.187716 5.644559 6.968725 4.798548 3.2921 1.98671 1.359988 1.045062 0.8165647
0.6447982 0.7210889 1.250407 2.258776 5.454802 8.086028 5.578466 3.980385 2.694765 1.637374 1.354477 0.9315301
0.6929537 0.6279496 1.078303 2.264968 5.451593 7.290157 5.083078 3.443181 2.017407 1.45434 1.032443 0.850577
0.8408736 0.6391846 1.186062 2.482353 5.213537 7.5841 5.960674 4.262479 2.940284 1.650941 1.361847 1.142289
0.7128464 0.6480848 1.087892 2.279628 5.545068 6.708028 5.154319 3.642903 2.166193 1.898313 1.372821 1.023534
0.6209418 0.5955691 1.207782 2.48754 5.509194 7.338625 4.880165 3.001067 2.097072 1.403535 1.110837 0.8013608
0.6832841 0.6192138 1.20334 2.111197 5.515588 7.622223 5.037065 3.344175 2.425134 1.722136 1.313289 1.072247
0.6708472 0.6976378 1.100392 2.756725 5.930922 8.479134 6.307845 4.332968 2.516573 1.778072 1.279834 1.003054
0.6229819 0.6633809 1.148642 2.092061 5.170974 7.660158 5.201684 3.482186 2.380215 1.461967 1.118689 0.8399493
0.6720822 0.6231257 1.080456 2.546724 5.530017 6.992098 4.511354 3.2344 2.243781 1.707718 1.340129 1.058184
0.6773887 0.6925789 1.219242 2.4216 5.445601 7.387861 4.92907 3.318851 2.188315 1.651719 1.354406 1.030818
0.6731743 0.5821402 1.036927 2.170695 6.024986 6.042907 4.39207 2.916319 1.642548 1.331421 1.1073 0.880107
0.629667 0.6532514 1.042885 2.496109 5.296885 6.9054 4.384701 2.839656 2.193881 1.569012 1.296843 1.002515
0.7209882 0.6202397 1.124608 2.443451 5.875339 7.472032 5.736542 3.636981 2.353215 1.411519 1.181648 0.9128989
0.7946946 0.6658763 1.135991 2.229769 5.076563 7.057981 4.749257 3.248314 1.884417 1.770474 1.399553 1.042744
0.6568642 0.6265241 1.33781 2.480551 5.916051 7.386336 5.691346 4.153221 3.047956 1.842902 1.34632 0.9962812
0.6377578 0.6406645 1.09891 2.294845 4.86055 6.723028 4.908045 3.397093 2.44718 1.617045 1.12817 0.8488063
0.6003785 0.6512947 1.372041 2.329641 5.164519 7.792328 5.489634 3.635213 2.282418 1.566208 1.075547 0.83992
0.6622033 0.6013265 1.147397 2.319194 5.555374 7.74736 6.236203 4.330339 2.565755 1.5856 1.15868 0.8525422
0.6660074 0.6451679 1.072203 2.3645 4.970384 7.278764 5.08376 3.549289 2.691305 1.547454 1.125818 0.8623484
0.6486042 0.6097717 1.203031 2.865663 6.03319 6.946432 5.004782 3.055303 1.726073 1.334874 1.01471 0.797247
0.6371473 0.705347 1.077881 2.419521 5.209189 7.221915 5.131111 3.426052 2.478249 1.637717 1.175175 0.9495046
0.6692764 0.5981875 1.181775 2.367243 5.500683 6.890946 4.90813 3.266604 2.045107 1.479398 1.167961 0.8945957
0.6954466 0.6295102 1.14264 2.360268 6.798991 6.922542 4.555327 3.099438 2.052262 1.80458 1.358413 0.932734
0.6704605 0.6276021 1.158497 2.611257 5.306932 7.67641 5.485767 3.975275 2.545484 1.488041 1.171232 0.9314115
0.6411766 0.7066273 1.224461 2.725843 5.393561 8.179421 6.167828 5.005214 3.010517 1.468624 1.196566 0.8958054
0.6584304 0.6805181 1.158585 2.704622 5.750746 7.046766 4.448588 2.960684 2.093839 1.492479 1.124421 0.9706176
0.6827096 0.6561902 1.103715 2.369999 5.508078 7.356735 5.178656 3.632913 2.343278 1.631432 1.339351 1.062999
0.5878196 0.6421182 1.242918 3.08401 6.04164 7.154646 5.041089 3.374956 2.281839 1.494864 1.184738 0.8544748
0.6811856 0.6317933 1.171991 2.539238 6.228566 8.551304 5.639997 3.792041 2.500723 1.637152 1.322412 1.089995
0.6005114 0.5636242 1.114703 2.60317 5.151567 7.173243 4.756626 3.574474 2.511362 1.499979 1.161165 0.9458445
0.6894227 0.5739507 1.203296 2.483784 5.039372 8.381683 6.50563 4.043125 2.887453 1.621039 1.133591 0.8567749
0.6708748 0.634962 1.104635 2.144741 5.564344 8.558821 5.383498 3.461259 2.214874 1.288775 1.082739 0.8811886
0.6619266 0.6271252 1.050265 2.30828 6.543459 7.199377 4.775005 3.25134 2.110979 1.398975 1.180807 0.8649994
0.665583 0.6368226 1.182299 2.600986 5.129026 7.914912 5.647942 3.445216 2.358874 1.508327 1.173528 0.8974983
0.6107997 0.6774939 1.129914 2.605084 5.345362 7.144025 5.017506 3.569569 2.067564 1.381256 0.9944356 0.8104148
0.7156346 0.6594259 1.107701 2.273204 6.686175 7.228863 5.447158 3.784718 2.411022 1.460092 1.156863 0.9507272
0.6310137 0.6583871 1.058461 2.145496 6.492047 7.266851 4.814346 3.228805 2.18032 1.340798 1.188589 0.9209042
0.5934315 0.6245863 1.073045 2.136294 5.889588 6.620038 4.943139 3.321088 2.278543 1.283545 1.103437 0.8868702
0.6761907 0.6585942 1.070232 2.374483 5.459485 7.156766 4.714756 3.253066 2.114307 1.566866 1.14867 0.8805217
0.7315628 0.638581 1.09768 2.332264 5.829836 7.739596 5.040764 3.45822 2.363105 1.75618 1.288564 0.9706354
0.6946553 0.6295426 1.074817 2.501164 5.64524 8.357865 5.647174 3.73605 2.593928 1.697187 1.232861 0.9436567
0.7314325 0.7051414 1.20003 2.340392 5.536776 7.077822 4.820142 3.488892 2.412528 1.7289 1.384952 1.083323
0.6377703 0.677177 1.088561 2.384625 5.830525 7.730603 5.923861 3.979053 2.32626 1.902211 1.48666 1.135846
0.6184116 0.6278174 1.041764 2.581317 5.184313 7.592774 5.069231 3.318725 2.059699 1.448246 1.120829 0.8569543
0.6765005 0.58376 1.150607 2.650057 6.005959 7.225023 5.060959 3.43695 2.129165 1.487254 1.102127 0.9650868
0.7406939 0.7013809 1.12934 2.297635 5.783803 7.91759 5.289161 4.197635 2.894811 1.648037 1.328633 1.036188
0.6107786 0.6680927 1.056927 2.132214 5.305881 7.300596 4.485987 2.932771 1.987233 1.434462 1.061333 0.8007283
0.6733481 0.6581896 1.042124 2.783289 5.493955 7.977822 5.690409 3.83409 2.317655 1.587686 1.400848 1.061134
0.7327005 0.6285262 1.147173 2.24539 5.305581 6.749722 4.865845 3.247538 2.339054 1.399408 1.079315 0.9699192
0.6232452 0.648941 1.102079 2.454505 5.228008 7.068837 4.530336 3.159489 2.186209 1.511176 1.085857 0.8208718
0.5997209 0.6415555 1.298104 2.438113 5.175259 6.703179 4.458275 3.07341 1.668505 1.485194 1.154354 0.8664308
0.615298 0.6057259 1.053711 2.473958 5.274021 7.373822 5.88129 3.933357 2.603582 1.610991 1.278898 0.9643156
0.6963736 0.588179 1.083076 2.547256 5.497083 7.24974 5.460623 3.377123 1.94754 1.47366 1.1762 0.9738151
0.708886 0.6217057 1.140957 2.479469 5.309555 8.456033 6.115191 4.325292 3.248599 1.583473 1.290479 0.9663028
0.6766701 0.6466177 1.05904 2.134019 5.492455 7.169326 4.970871 3.157109 1.967035 1.546896 1.080636 0.9042593
0.6277257 0.6859267 1.271224 2.302816 5.35143 7.453341 5.236548 3.438322 2.037134 1.743954 1.33725 1.010357
0.6842215 0.6501564 1.230158 2.484249 6.506256 7.674411 5.524632 3.435944 2.291883 1.67914 1.378403 1.010145
0.6363762 0.6301038 1.132535 2.312728 6.77739 7.400906 5.45757 3.876464 2.559793 1.694192 1.200929 0.8844977
0.5805515 0.5963913 1.211058 2.33654 6.243261 6.945888 4.853237 2.783374 2.230126 1.348106 1.001096 0.7648281
0.709586 0.6462606 1.29045 2.197913 5.079786 7.440784 4.963843 3.259753 2.14942 1.575155 1.233234 0.9587877
0.6955195 0.6509522 1.220402 2.696727 5.233339 7.043786 4.43502 3.095704 2.153489 1.672471 1.296806 0.9832009
0.6776086 0.6532914 1.120584 2.158352 4.879397 7.091584 4.786336 3.097317 1.887813 1.531499 1.152982 0.9050822
0.6939814 0.6826239 1.161168 2.352534 6.175463 6.993042 5.364639 4.031296 2.662425 1.71273 1.28994 1.023977
0.7130796 0.7055766 1.190712 2.065169 6.122209 7.577942 6.407531 4.52103 2.731785 1.559678 1.129326 0.8769966
0.634383 0.6756979 1.176251 2.557309 5.5792 6.90193 4.635668 2.616526 1.913383 1.41039 1.124756 0.9149886
0.7300775 0.6745029 1.193135 2.462997 5.86819 8.8143 6.34037 4.198861 2.690775 1.888128 1.488462 1.106886
0.7150529 0.6302589 1.071514 2.377771 5.118329 6.638855 4.332189 2.863711 1.95688 1.623709 1.293463 1.003758
0.6175426 0.6529285 1.082686 2.513819 6.109833 7.415251 5.451957 3.805685 2.392319 1.635591 1.130854 0.8530993
0.6793707 0.6512194 1.093147 2.300866 6.601874 7.334645 5.389645 3.511164 2.126289 1.357573 1.102173 0.8343113
0.7357336 0.6064446 1.133771 2.331001 5.52077 7.426142 5.125928 3.658664 2.431988 2.011986 1.57673 1.202229
0.6175142 0.7238432 1.024849 2.267267 5.524632 7.598229 6.085228 4.051928 2.472684 1.59715 1.193815 0.8944049
0.6213549 0.6339386 1.064714 2.445664 5.958644 7.357025 4.760617 3.626691 2.049007 1.436867 1.094724 0.9142302
0.6926926 0.6346359 1.087087 2.342927 5.826805 6.659934 4.591744 2.907011 2.072202 1.709692 1.415361 1.091586
0.6315331 0.6800864 1.145169 2.45207 5.525382 6.923545 4.774925 3.311337 2.52517 1.564603 1.152297 0.9207561
