0.3439955 0.3907103 0.6525798 1.24521 3.106551 3.97466 2.047431 1.010507 0.6323805 0.5701171 0.4589188 0.3642457
0.349442 0.3980255 0.6327642 1.276834 3.095998 3.870898 1.977153 0.9681056 0.586356 0.5591795 0.4594462 0.3636086
0.3487891 0.3927534 0.6614581 1.207671 2.975248 3.964879 2.010246 1.027544 0.6235439 0.570295 0.4559048 0.3657853
0.3396352 0.3804683 0.630884 1.210867 3.158496 3.921687 2.04892 0.9932061 0.5952655 0.5559466 0.431941 0.3476478
0.3423358 0.3770248 0.63162 1.259235 3.258556 3.916362 2.045238 1.008886 0.6503779 0.5891362 0.4707291 0.3726843
0.3424741 0.387256 0.6727889 1.242759 3.094234 4.142117 2.195062 1.099802 0.6811409 0.5973854 0.4757178 0.3752813
0.3278169 0.3871544 0.650141 1.270921 3.247306 3.810208 1.85794 0.9091945 0.56768 0.5140529 0.4131142 0.3333034
0.3408074 0.4013512 0.6583968 1.244223 3.217292 4.038239 2.128817 1.080687 0.668695 0.5874261 0.453479 0.3556182
0.3659293 0.4035401 0.6496004 1.239769 3.143167 4.063467 2.014678 0.971806 0.5983672 0.5852432 0.4719297 0.3777646
0.3558787 0.4127206 0.6916867 1.25296 2.99903 3.94275 1.960541 0.9384374 0.6074911 0.5964173 0.4745728 0.3785979
0.3376484 0.3840334 0.6484077 1.236238 3.173428 4.028473 2.04946 0.9752321 0.608541 0.5398724 0.4387522 0.3520108
0.3462472 0.3844875 0.6368777 1.180443 3.096365 4.120544 2.17641 1.076857 0.6301385 0.5930464 0.4852509 0.3824746
0.3575022 0.3954973 0.6376423 1.24718 3.192182 4.23938 2.308685 1.246833 0.7872556 0.6373841 0.5057284 0.3928266
0.3532857 0.4024831 0.6566336 1.235142 3.021606 4.02397 2.054326 1.017575 0.6438163 0.5929652 0.4750041 0.3733109
0.3488033 0.3971065 0.6642947 1.268899 3.097761 4.044623 2.069742 1.056399 0.6435069 0.6079245 0.4747426 0.37733
0.3519655 0.3949432 0.6295646 1.250026 3.046009 4.002171 2.13649 1.062269 0.6359141 0.5754165 0.4654376 0.3691906
0.3363637 0.3854402 0.6216111 1.231823 3.374714 4.061667 2.188771 1.104851 0.6758422 0.6049311 0.4916625 0.3838995
0.3486829 0.4017913 0.6255281 1.299837 3.148787 4.14071 2.133991 1.076664 0.6811715 0.585138 0.4781499 0.379264
0.3331023 0.3763228 0.6559562 1.269933 3.057823 3.643271 1.807549 0.8156767 0.5283835 0.557751 0.4457128 0.3573038
0.3289837 0.3731254 0.6116004 1.228647 3.048057 3.80164 1.893817 0.854029 0.4974596 0.49488 0.4008857 0.3206324
0.3243211 0.3761391 0.6262959 1.205125 2.965485 3.866493 1.989827 0.9105546 0.5715381 0.5481798 0.4413376 0.35493
0.3270901 0.3844707 0.6498067 1.201463 3.085138 4.039643 2.102242 1.019668 0.5919443 0.5163677 0.4226213 0.3394993
0.3497242 0.3917632 0.6318743 1.256756 3.094529 4.030928 2.15666 1.036567 0.6654679 0.5867612 0.4656379 0.370979
0.3549131 0.408673 0.6992142 1.222162 3.01386 3.91764 2.012763 0.9931033 0.5923477 0.5919053 0.4739006 0.3791058
0.3493102 0.397413 0.6479031 1.307379 3.159967 4.00724 2.072066 1.010384 0.6644038 0.5662299 0.4556944 0.3606609
0.3455895 0.3847264 0.6788082 1.329937 3.179758 4.076655 2.126543 1.064918 0.6780198 0.5703148 0.4653774 0.3677482
0.3534113 0.4051671 0.6344435 1.246399 2.961256 3.916055 2.020685 1.005147 0.6530464 0.5858954 0.4738933 0.3819426
0.3502982 0.3925949 0.6665914 1.179976 3.072065 3.72249 1.77806 0.8317779 0.5587741 0.5478226 0.4524647 0.3594634
0.316455 0.3884702 0.6456924 1.238108 3.012368 3.735823 1.859426 0.866912 0.5387047 0.5033005 0.4093897 0.316139
0.3410133 0.3856947 0.6377818 1.190427 3.001186 3.762836 1.75167 0.7653078 0.5311115 0.5643834 0.4627833 0.3610624
0.3331252 0.3889063 0.6625594 1.214026 3.062776 3.970607 2.085286 1.03582 0.6653996 0.5769654 0.4489264 0.3513992
0.3563935 0.406957 0.6701271 1.239318 3.175531 4.054112 2.13789 1.089249 0.6941475 0.6192979 0.4993873 0.3998392
0.3510675 0.3840456 0.6501682 1.172315 2.969883 3.90099 2.038283 0.9661296 0.670064 0.6113212 0.4937585 0.3893199
0.3435244 0.3944752 0.6509629 1.188508 3.117981 4.007758 2.096421 1.049155 0.6949396 0.5878658 0.4757431 0.3698772
0.3363711 0.3877921 0.6710941 1.180269 3.217752 3.932299 2.073801 1.049163 0.6565136 0.5371868 0.4426991 0.34719
0.3572622 0.4167867 0.6946906 1.298361 3.01025 3.782459 1.889331 0.8845354 0.5742772 0.5767222 0.4548075 0.3619314
0.3465512 0.3959694 0.6293333 1.256889 2.96676 3.9555 2.024011 0.9792529 0.5989537 0.5913934 0.4809082 0.3754194
0.3451134 0.3976706 0.6523505 1.222417 3.083643 3.935944 2.085792 1.042542 0.6147082 0.6094678 0.4832153 0.3871645
0.3386898 0.3832721 0.6478094 1.279952 3.112994 4.122665 2.100568 1.028643 0.6421593 0.5866726 0.4567574 0.3555366
0.3457261 0.3928402 0.645636 1.254639 3.368212 3.986164 2.025076 0.9742049 0.5557617 0.5715825 0.4574571 0.3651171
0.3219454 0.3833848 0.6493115 1.241296 2.986179 3.845269 1.967118 0.9261466 0.6061071 0.5296402 0.4239931 0.3320395
0.3503181 0.3886293 0.6259677 1.261837 3.144433 3.924959 2.015458 1.028336 0.6442297 0.5829233 0.4753943 0.3725119
0.332206 0.3956234 0.6574908 1.254419 3.066472 3.769374 1.811561 0.7891037 0.4825287 0.5309632 0.4256146 0.3479417
0.343072 0.393956 0.6562657 1.269645 3.134532 4.01111 2.086602 1.026487 0.6386934 0.580661 0.465438 0.3647289
0.3394694 0.3915602 0.6566705 1.223757 3.084494 4.173438 2.195655 1.106289 0.6691461 0.5737664 0.4639187 0.3734264
0.3336165 0.3697743 0.6393753 1.250628 2.991267 3.7599 1.874165 0.8357012 0.5157214 0.5381712 0.435645 0.3455252
0.34309 0.4013028 0.6304412 1.248164 3.104879 4.146423 2.124431 1.084649 0.6990797 0.5882714 0.470006 0.3628701
0.3371955 0.3967176 0.6534023 1.178654 3.071165 3.939589 1.875133 0.86514 0.5612141 0.5339289 0.42761 0.3482831
0.3472922 0.4034238 0.6878477 1.24615 2.977518 3.839302 1.912828 0.9576925 0.5701538 0.5726883 0.4775103 0.3754505
0.3333263 0.3926892 0.6417987 1.238985 3.105937 3.994192 2.014025 0.9670439 0.6222953 0.5464631 0.4520574 0.3579443
0.3570504 0.3996725 0.6799196 1.187142 3.069702 3.907073 2.043417 0.9841664 0.6132768 0.5694138 0.4716587 0.3724789
0.3706523 0.3871341 0.6452888 1.24128 2.976082 3.9885 2.188188 1.111567 0.7083811 0.639557 0.5216525 0.40836
0.3374088 0.3965351 0.6811958 1.246478 3.098922 3.96645 2.053471 0.9678862 0.5886758 0.5784241 0.4700215 0.3581039
0.330373 0.3793922 0.6733316 1.243213 3.095997 3.934774 2.029968 0.9934331 0.5990163 0.5265107 0.4190096 0.3333094
0.3362339 0.397547 0.6539273 1.315386 3.129678 3.969714 2.020363 0.9693398 0.6070023 0.5495977 0.4489123 0.3479734
0.3257163 0.3748279 0.6360396 1.220845 3.161903 3.908074 1.926385 0.8662726 0.5653558 0.5302839 0.4309479 0.3457665
0.3439795 0.3806945 0.6779558 1.245244 3.122402 3.782844 1.851215 0.8847504 0.6052452 0.5437727 0.4505275 0.3521117
0.3411533 0.3765467 0.6349513 1.212091 3.106332 3.933099 1.955399 0.917586 0.5691482 0.5603963 0.4486907 0.3602442
0.3391293 0.4023172 0.6590033 1.238459 3.06376 3.967991 2.130932 1.023427 0.6337135 0.6070744 0.4771084 0.3824866
0.3413257 0.3805276 0.6654136 1.208752 3.080821 3.87159 1.844367 0.8440995 0.5198993 0.5242468 0.4280705 0.3512233
0.3394102 0.3944969 0.6314828 1.201809 3.036445 4.001621 2.079217 1.015357 0.6024421 0.5165417 0.4295466 0.3465329
0.3367676 0.3884568 0.6491615 1.223389 3.005739 3.804791 1.877917 0.8302783 0.5274316 0.5148584 0.4084397 0.3306979
0.3268859 0.3736321 0.6470687 1.166563 3.011822 4.035801 2.123372 1.013534 0.5975926 0.5048787 0.4072752 0.3245086
0.3497444 0.3949449 0.6409128 1.244322 3.228016 4.058002 2.132225 1.073844 0.650327 0.5619135 0.4604537 0.3650432
0.3350871 0.3846739 0.6589414 1.143491 3.015412 3.852196 1.94444 0.9203482 0.5674394 0.5199475 0.4277702 0.350109
0.3490655 0.4048962 0.6479346 1.196588 3.083937 4.176024 2.210209 1.112114 0.704302 0.5713097 0.4566236 0.3628385
0.3449456 0.3988313 0.6678659 1.317372 3.216148 4.099936 2.176424 1.139974 0.7373466 0.6119963 0.4841792 0.3879756
0.3383613 0.3873325 0.6501546 1.302937 3.155861 4.011795 2.171712 1.072385 0.6144457 0.5657587 0.4620067 0.373479
0.3158555 0.3740408 0.6411445 1.250602 3.311345 4.018539 2.074298 1.028204 0.6221173 0.5182251 0.4157184 0.3189281
0.3306586 0.3751527 0.6474692 1.271533 3.095268 3.912494 1.965045 0.8965862 0.6311979 0.5462452 0.4361409 0.3464733
0.3109784 0.3902812 0.6483231 1.247371 2.917399 3.603164 1.645861 0.709065 0.4530377 0.4481046 0.3849452 0.3071082
0.3374128 0.3868695 0.6455383 1.247523 2.995683 3.805034 1.729434 0.7983632 0.5074349 0.5105148 0.4208973 0.3336059
0.3429589 0.392505 0.6635204 1.344592 3.203422 4.090073 2.150925 1.093493 0.6457328 0.5369738 0.4507922 0.3542487
0.3522527 0.3997691 0.6562654 1.26153 3.119012 4.095248 2.135159 1.058469 0.6494598 0.6097008 0.4872861 0.3854113
0.3611025 0.3920439 0.6819919 1.276028 3.019142 3.787622 1.858792 0.9424833 0.5960195 0.5731198 0.475105 0.3736935
0.3458738 0.3913329 0.6672266 1.272019 3.024875 3.845126 1.982922 1.008788 0.6489494 0.5362834 0.4455508 0.3557062
0.3267564 0.3777113 0.6553205 1.202338 3.074541 3.826848 1.921253 0.8954032 0.618419 0.5329253 0.422703 0.3369083
0.3240604 0.3904992 0.6510925 1.281248 3.029738 3.701005 1.757768 0.7558439 0.4662218 0.4930153 0.4079309 0.3228593
0.3333667 0.384986 0.6653593 1.270009 3.187967 3.793876 2.022923 0.9579596 0.6121923 0.5656959 0.4558259 0.3715067
0.3606132 0.4156428 0.672191 1.250986 3.144189 3.963785 2.11425 1.0626 0.6917546 0.605967 0.4933272 0.3958876
0.3163146 0.3835667 0.6502825 1.267642 3.102812 3.727554 1.85994 0.8439862 0.479885 0.4874409 0.393282 0.3133037
0.3353347 0.4003288 0.6367543 1.267012 3.036042 3.969267 2.007209 1.000657 0.6240307 0.5858885 0.4672916 0.361352
0.3251212 0.3708571 0.6468076 1.243155 3.025543 4.068271 2.087463 1.022404 0.6274216 0.5886608 0.4688621 0.3577508
0.3366399 0.3842071 0.6450106 1.245398 2.954277 3.675561 1.861489 0.8473317 0.5305727 0.5445521 0.4274633 0.3367648
0.3275122 0.3874829 0.6236579 1.159212 2.971345 3.923217 1.939325 0.9205943 0.565232 0.5281031 0.4248746 0.3338952
0.3485646 0.389334 0.6495477 1.237363 3.0301 3.978215 2.06932 1.058959 0.645407 0.5490401 0.4581891 0.3707539
0.3518528 0.401669 0.6512151 1.281753 3.174532 4.059979 2.084794 1.039094 0.6232993 0.5633684 0.4565307 0.3705526
0.3465965 0.4059318 0.6546865 1.241343 2.949494 3.84531 1.953434 0.9500114 0.6104583 0.5689813 0.4608547 0.358646
0.3225298 0.3903514 0.6353393 1.193267 2.97051 3.862518 1.891426 0.8754914 0.5576128 0.5190435 0.4151484 0.3278231
0.3436276 0.3894373 0.6817081 1.281492 3.213239 3.928845 2.042469 1.020547 0.6522321 0.5480405 0.448564 0.3532976
0.3408833 0.3978123 0.6728403 1.280515 3.143382 3.809124 1.951315 0.9446856 0.6299757 0.5678854 0.4591187 0.363601
0.3427024 0.398394 0.6559243 1.251677 2.971139 3.884832 2.018929 0.9651077 0.5801505 0.5349972 0.4388809 0.3559473
0.327033 0.3872084 0.6486917 1.321933 3.096356 3.804638 1.960416 0.9328439 0.5838665 0.5221627 0.4262492 0.337246
0.3429454 0.3906859 0.6545854 1.263233 3.242971 3.955742 2.00847 1.007651 0.6396858 0.549649 0.4456425 0.3613721
0.3268999 0.3792265 0.6248342 1.232534 3.137995 4.069007 2.120987 1.051018 0.6448404 0.5433809 0.4295581 0.3499529
0.3289852 0.3736336 0.6322636 1.20813 3.009725 3.89757 1.951455 0.8997314 0.5309084 0.4934626 0.4057604 0.3304972
0.3333492 0.3888266 0.6877734 1.260998 2.923091 3.908911 2.038665 1.00014 0.6143714 0.5474268 0.4363977 0.3504058
0.3361611 0.3953083 0.6398257 1.234391 3.068352 3.855474 1.959171 0.9399492 0.5980499 0.5597595 0.4467471 0.3532199
0.3585261 0.3932308 0.6810883 1.253999 3.114423 3.822481 1.915187 0.9443539 0.6089462 0.5721075 0.471697 0.3749041
0.3375339 0.3827384 0.6373375 1.284482 3.08257 3.892654 2.08086 1.059319 0.6236423 0.5553453 0.4620255 0.3639107
0.3576547 0.3914385 0.6524515 1.217558 3.009837 4.185683 2.163988 1.101855 0.6796457 0.5602498 0.4674819 0.3667581
0.3505519 0.3936735 0.6340647 1.195214 3.121446 3.981753 2.072778 1.048547 0.6443383 0.5802688 0.4695227 0.3722398
0.3738559 0.4115894 0.674465 1.188959 3.227113 4.278795 2.375199 1.254654 0.7945398 0.6264568 0.5071053 0.3997763
0.3365556 0.3901826 0.6531812 1.241772 2.968595 3.800227 1.889636 0.9144547 0.5971942 0.5436646 0.4313138 0.3406997
0.3390712 0.3727558 0.6409453 1.210864 2.994895 4.017656 2.082503 1.030179 0.6401504 0.5504563 0.4461281 0.3502415
0.374412 0.4093651 0.6562245 1.207762 3.001138 4.009797 2.092411 1.032054 0.6294905 0.6331378 0.5047064 0.4038081
0.3606581 0.3994873 0.6690695 1.256288 3.282865 4.335839 2.355603 1.259171 0.7832036 0.603281 0.4931059 0.3919159
0.3669857 0.3898099 0.6585093 1.212116 3.078623 4.024272 2.099451 1.07382 0.6914706 0.6222741 0.5077722 0.4021779
0.3576647 0.4087699 0.6611614 1.201329 3.13041 3.951557 2.121411 1.035836 0.7032096 0.6103607 0.4857822 0.3861294
0.3469712 0.3915148 0.6705514 1.302514 3.073997 4.000592 2.017862 0.9924245 0.644169 0.5850639 0.4689582 0.3752629
0.3503767 0.3891862 0.653363 1.156621 3.061854 4.195305 2.181181 1.166316 0.7142607 0.6067254 0.4857662 0.3854962
0.3557737 0.3994119 0.7009905 1.30421 3.096775 3.979736 1.959869 0.9472229 0.6114386 0.5986757 0.4800521 0.3802559
0.3441518 0.3882005 0.6523766 1.243851 3.166692 4.183873 2.161085 1.119545 0.6997632 0.5754241 0.4771076 0.3781456
0.3531507 0.3890391 0.6177185 1.257144 3.262446 4.043324 2.047562 1.02212 0.6377775 0.589165 0.4827338 0.3828617
0.3552452 0.3943605 0.6682898 1.299032 3.101998 4.060461 2.158902 1.08331 0.7140315 0.6005882 0.4765241 0.3847961
0.3466649 0.3952715 0.6710185 1.320709 3.037071 3.890843 2.0807 1.025829 0.6175419 0.5788083 0.4697142 0.3808546
0.3355069 0.3879406 0.664061 1.266706 2.941313 3.880229 2.043539 0.9957819 0.6068623 0.5609485 0.4415748 0.3546117
0.3364529 0.3833895 0.6461224 1.313107 3.106447 4.084869 2.116942 1.102116 0.6936651 0.6065001 0.4738544 0.3727815
0.3520075 0.3993749 0.6529092 1.234475 3.025181 3.909206 1.964183 0.9538874 0.5806575 0.5784115 0.4632284 0.3586265
0.3454241 0.3928272 0.6448481 1.169174 3.168942 3.877736 1.96797 1.008338 0.6254223 0.5427867 0.4307992 0.3418546
0.3524168 0.4069197 0.6370516 1.189156 3.03606 3.811953 1.945712 0.9616088 0.599168 0.560306 0.4588948 0.3712668
0.3465327 0.392256 0.6710714 1.18048 3.130024 3.967347 2.029627 1.013285 0.6557544 0.5847822 0.4715737 0.3749134
0.3440216 0.3877689 0.6413613 1.234811 3.103191 3.958323 1.946302 0.9480843 0.5754864 0.5604659 0.453066 0.3657183
0.362511 0.3944924 0.6665482 1.287406 3.129104 3.874851 1.942929 0.9382939 0.6238527 0.6081314 0.5030678 0.3983224
0.3504376 0.403769 0.6627395 1.240484 3.087479 3.959007 1.999905 0.9605602 0.5906213 0.5499378 0.4558318 0.359562
0.3488479 0.3978456 0.6448902 1.217248 3.216246 3.991347 2.050464 0.9968543 0.6013678 0.6136434 0.498597 0.3966951
0.3468894 0.3880286 0.6648411 1.259417 3.103605 4.040898 1.980186 0.9242826 0.5887732 0.5821066 0.4607412 0.3629654
0.3412227 0.3918343 0.6547168 1.216139 3.03822 3.809172 1.967761 0.9389373 0.6178049 0.5822741 0.4682022 0.3718569
0.3489385 0.405547 0.6433479 1.334239 3.281779 4.040635 2.059798 1.051491 0.6708563 0.6150439 0.4785727 0.3770174
0.3528187 0.3861151 0.660339 1.249523 3.148247 4.007007 2.141614 1.079365 0.692444 0.5843236 0.4676394 0.3720292
0.3729549 0.4103702 0.6799911 1.300357 3.196845 4.220491 2.311506 1.261708 0.8190372 0.7120293 0.5306954 0.4246884
0.3459386 0.397205 0.6330125 1.182318 3.105018 4.129968 2.221619 1.101494 0.6941999 0.5653169 0.4675271 0.3723482
0.3480701 0.3862669 0.6620479 1.224123 2.996611 3.956715 2.016864 0.9820178 0.6157532 0.5617456 0.4420315 0.3552235
0.3440677 0.3932115 0.6483953 1.211186 3.189259 3.903157 2.074207 1.002668 0.6247234 0.6090247 0.4732569 0.3751354
0.3297343 0.3845489 0.6523096 1.303644 3.080495 3.717134 1.83437 0.8487287 0.5066918 0.5136158 0.4194669 0.3351763
0.3560999 0.4032787 0.6643014 1.292465 3.145066 4.077975 2.108946 1.086011 0.6697697 0.6068597 0.4985453 0.3883289
0.3513152 0.3951349 0.6799052 1.283999 3.128736 3.838605 1.980874 0.9924158 0.6248583 0.5918312 0.4684097 0.3688958
0.3420024 0.3860252 0.628232 1.21252 3.168038 4.188727 2.223009 1.153298 0.7033834 0.6122618 0.4823257 0.3800969
0.3389036 0.4021534 0.660465 1.303863 3.226453 4.01967 2.09719 1.055662 0.6536933 0.5866032 0.4567731 0.3582706
0.3568728 0.3927923 0.6476286 1.249887 3.112969 4.038085 2.109073 1.104265 0.6811701 0.6096042 0.4739505 0.3780912
0.3505931 0.4103437 0.6503843 1.264278 3.195368 4.123668 2.247397 1.10871 0.7079406 0.6039126 0.4786269 0.3780926
0.3424266 0.3869867 0.6697325 1.245421 3.011618 3.88257 1.986339 0.929255 0.5841596 0.5569701 0.440444 0.3551634
0.3388173 0.380072 0.6394255 1.278666 3.046171 3.791461 1.86482 0.8249521 0.5141992 0.5429248 0.4481107 0.3587764
0.3139135 0.3787316 0.6541492 1.290173 3.137107 3.86361 1.930405 0.9174529 0.5639531 0.5385703 0.4430251 0.3509582
0.3259316 0.383382 0.6541546 1.19481 3.130448 3.940207 2.032057 1.009308 0.6099805 0.526143 0.4260444 0.3366697
0.3664612 0.4122131 0.6727244 1.174562 3.107867 3.916931 2.038054 1.037346 0.6639185 0.594986 0.4855189 0.3906947
0.3786895 0.4044769 0.6522823 1.261944 3.293401 4.184874 2.232008 1.182888 0.8101682 0.6824634 0.5383918 0.4265457
0.3456584 0.3846743 0.6388194 1.312025 3.054628 4.011555 2.118283 1.029923 0.6784082 0.5715737 0.4620892 0.3621895
0.3555259 0.3931094 0.6716474 1.28068 3.146067 4.076268 2.171433 1.082813 0.7014976 0.6020373 0.48157 0.3834642
0.3570831 0.3992069 0.661278 1.247945 3.142316 3.896941 1.957479 0.944271 0.6139801 0.6205301 0.4922029 0.3905568
0.3375367 0.3748085 0.6468569 1.160078 3.148749 3.860541 1.963365 0.983256 0.62842 0.5548577 0.4567616 0.3629794
0.3474626 0.3925876 0.6558676 1.266709 3.022918 4.077894 2.08558 1.043374 0.6796326 0.5814304 0.4619845 0.3720326
0.3482612 0.3876377 0.6378907 1.262436 3.19425 3.872705 1.962073 0.9402306 0.6215621 0.5926522 0.4664283 0.3654561
0.3506639 0.402499 0.6484768 1.186959 3.080135 4.020622 2.133492 1.110386 0.6916078 0.6091941 0.4888808 0.3964117
0.3369719 0.3969761 0.6602591 1.244685 3.159828 4.015155 2.043482 1.023057 0.6792729 0.5732945 0.4659293 0.3661482
0.3471466 0.3842263 0.6568687 1.263864 3.197303 3.894648 1.915791 0.9071033 0.5534493 0.5479282 0.4538131 0.3616564
0.3545899 0.3914279 0.6699909 1.279781 3.152018 4.17653 2.234833 1.116208 0.7364171 0.6274299 0.5058116 0.4030208
0.3220352 0.3964588 0.654019 1.208301 2.989565 3.854745 1.942805 0.9312848 0.5913845 0.4972449 0.4105868 0.3311842
0.3566037 0.4213468 0.6835981 1.204985 3.106027 4.116271 2.275286 1.188884 0.7420474 0.6259757 0.5048455 0.3988833
0.3450423 0.4086892 0.6695881 1.283436 3.206309 3.919852 1.991841 0.9615445 0.6266475 0.5914455 0.4722615 0.3788955
0.3376634 0.383603 0.6614877 1.2872 2.990276 3.934493 2.080592 1.035519 0.6433466 0.5610152 0.4629895 0.3670679
0.3458721 0.3919533 0.643501 1.211872 3.095275 4.040987 2.096699 1.016187 0.6189042 0.559502 0.4587749 0.3642375
0.3400176 0.3935306 0.6585764 1.245096 2.993698 3.748785 1.912409 0.8750516 0.566756 0.5517882 0.4295727 0.3488446
0.3277533 0.3760127 0.6282188 1.248751 3.059679 3.726336 1.841129 0.8551369 0.5136176 0.5245134 0.4167036 0.3342809
0.3434187 0.38265 0.6548591 1.357446 3.199467 3.96848 2.006767 0.970424 0.6112437 0.5855785 0.4760572 0.3779749
0.3509243 0.3830166 0.6146477 1.214792 3.282508 4.100265 2.171328 1.120122 0.7241436 0.5613251 0.4521739 0.3599583
0.3438813 0.378465 0.6533593 1.21504 3.046698 3.804036 1.910934 0.9107025 0.59135 0.549583 0.453105 0.3636146
0.3763045 0.4171978 0.6727168 1.264363 3.224448 4.17819 2.225992 1.177888 0.7576693 0.6766643 0.5377295 0.4157605
0.3392415 0.3854393 0.6530062 1.22598 3.03743 3.950756 1.960615 0.918969 0.5997578 0.5568955 0.4508271 0.3562956
0.3433186 0.3884307 0.640411 1.256765 3.037915 3.711986 1.841627 0.8898735 0.5740938 0.5713437 0.4495233 0.3662831
0.3331122 0.3891455 0.643243 1.219093 2.983377 3.869404 1.859817 0.8867249 0.5192472 0.5434641 0.4440742 0.3510789
0.354687 0.3990887 0.6695294 1.308239 3.096603 4.0064 2.131841 1.06293 0.6475027 0.5869409 0.4705432 0.3756865
0.3390809 0.3894162 0.6732429 1.152751 2.818783 3.793065 1.92884 0.9208236 0.5868597 0.566307 0.4475587 0.3590378
0.3245043 0.3891723 0.6305072 1.258248 3.13021 3.931034 2.01144 0.9531898 0.5955242 0.5052231 0.4142348 0.335453
0.320151 0.3728701 0.6313697 1.249847 3.146052 3.769575 1.828553 0.852512 0.5447411 0.5087347 0.4091804 0.3242247
0.3618911 0.3999454 0.6532923 1.18216 3.039997 4.090649 2.227861 1.154064 0.6985309 0.593119 0.4757428 0.38066
0.3317482 0.3760813 0.6749645 1.271956 3.024608 3.888797 1.97632 0.9535131 0.5902154 0.4990634 0.4112601 0.324483
0.3469177 0.3854892 0.6739999 1.270921 3.166006 4.124904 2.197717 1.10364 0.6876656 0.6277331 0.4880388 0.3728797
0.3420006 0.3887398 0.6041517 1.245261 3.117002 4.041608 2.075469 1.015296 0.6253043 0.567847 0.4580961 0.3622192
0.348695 0.3921925 0.6571699 1.272292 3.043349 3.841607 1.96028 0.9247158 0.5550685 0.5638539 0.444664 0.3697322
0.3404775 0.3894715 0.6335864 1.161398 3.005878 3.929626 2.076925 1.070992 0.6542281 0.5601062 0.4514524 0.3526895
0.3212584 0.3907769 0.6597746 1.337314 3.152245 4.0424 2.065408 1.022905 0.6211213 0.5283381 0.420584 0.3255806
0.3762088 0.3930503 0.6525491 1.231489 3.17931 4.137368 2.268087 1.223078 0.7714879 0.6741707 0.5224815 0.4089805
0.3514544 0.4012086 0.6694877 1.28132 3.079284 3.993406 2.013323 1.002013 0.6022595 0.5287645 0.4361644 0.3585689
0.3432111 0.3908187 0.6521233 1.192388 3.023014 3.995046 2.086707 1.061913 0.6327436 0.5613344 0.4500278 0.3603747
0.3296148 0.3802693 0.6274864 1.225676 3.164825 4.039267 2.098436 1.015521 0.6614772 0.5707459 0.458572 0.3604683
0.3440502 0.3928743 0.6697994 1.249209 3.097121 3.839459 1.899162 0.9247472 0.5840101 0.5468684 0.4410333 0.3548713
0.3289871 0.3781487 0.6457998 1.219485 3.048897 3.800175 1.982563 0.9229561 0.5625703 0.5195783 0.430477 0.3405297
0.3296728 0.3821502 0.6284368 1.218798 2.922195 3.692572 1.838323 0.8358826 0.5177013 0.5624109 0.4524583 0.3533599
0.3581325 0.3920843 0.6662062 1.274827 3.290872 4.161685 2.151907 1.133589 0.7039213 0.6092725 0.4871658 0.3809964
0.3413984 0.3911775 0.6458718 1.175355 3.139746 3.900981 1.907589 0.9115987 0.5383705 0.5543114 0.449245 0.3564537
0.3320214 0.3711584 0.6412417 1.290823 3.095415 3.943518 1.894281 0.9122032 0.5888846 0.5363971 0.4285502 0.3441701
0.3550249 0.386908 0.6606697 1.285797 3.13122 3.963741 2.019262 1.000115 0.6571157 0.5961788 0.487463 0.3938091
0.3418731 0.4090247 0.6325253 1.253839 3.151619 3.868887 1.890583 0.8945215 0.5686811 0.525797 0.4220802 0.3436967
0.3413628 0.3807908 0.6242766 1.245056 3.220248 4.115669 2.169238 1.135381 0.7368681 0.615054 0.4888213 0.3878642
0.3424196 0.3894795 0.6664836 1.25452 3.085709 3.948162 1.999159 0.9929402 0.6464839 0.5710024 0.4508859 0.3589168
0.328368 0.3941943 0.679213 1.281335 3.050626 3.916474 2.021613 0.9749942 0.6049795 0.5526464 0.4418592 0.3439727
0.3388096 0.3965708 0.6498274 1.294974 3.106698 3.993419 2.108688 1.043494 0.670791 0.5709452 0.4622587 0.3616919
0.3539528 0.3851288 0.6717234 1.206353 3.120666 4.044865 2.15474 1.106135 0.6667325 0.5951347 0.4777531 0.3830522
0.3609562 0.3975009 0.6516859 1.259367 3.191582 4.221256 2.188097 1.091094 0.694365 0.599046 0.4871264 0.3919573
0.330942 0.3678349 0.6284261 1.197179 3.170092 4.004969 2.01152 0.9768039 0.5998253 0.5471397 0.4452595 0.3532215
0.3458439 0.3971641 0.6474008 1.255305 3.24296 4.231463 2.121857 1.063889 0.6739972 0.5852302 0.4751759 0.3721362
0.3513864 0.4031704 0.6715608 1.195793 3.008884 3.82834 1.905136 0.8924036 0.5441349 0.5411742 0.4479835 0.3624302
0.3511762 0.3866074 0.6418833 1.214885 3.12823 4.091038 2.19034 1.138521 0.6776485 0.5844305 0.456067 0.3616643
0.3648349 0.4042299 0.6701356 1.282674 2.976646 3.884946 1.947975 0.9657387 0.5708295 0.6024664 0.4796602 0.3795183
0.3306402 0.3916304 0.6384441 1.250701 3.170762 4.057007 2.039119 0.9890241 0.6157624 0.5492908 0.436785 0.3454376
0.3323937 0.3884522 0.6601197 1.203419 3.06944 3.945785 1.951069 0.9306161 0.5625257 0.5279193 0.4311884 0.3455876
0.3306839 0.3666044 0.617579 1.198151 3.065252 3.739423 1.868436 0.8611175 0.5591019 0.5097231 0.4156817 0.3314082
0.3417662 0.3882215 0.6589997 1.247041 3.15378 3.968616 2.087185 1.038152 0.6597288 0.5926704 0.4850543 0.384388
0.3276627 0.3864989 0.617499 1.246175 3.104402 3.90244 2.02095 1.019514 0.5980225 0.5191371 0.4155908 0.3287843
0.3613987 0.3934244 0.6389003 1.249885 3.151158 4.162149 2.14336 1.099603 0.701212 0.6041026 0.4792295 0.3848094
0.3257197 0.3822744 0.6247698 1.21949 2.988964 3.909854 1.996489 0.9654694 0.6014687 0.5224167 0.4207929 0.3375112
0.3539662 0.3923012 0.6767441 1.237945 3.228346 4.162873 2.262048 1.142282 0.7366295 0.6268112 0.4864824 0.3855564
0.3155387 0.3854877 0.658656 1.214868 3.025207 3.856257 1.904103 0.9134146 0.5696474 0.5170009 0.417168 0.325634
0.3519159 0.3882433 0.6686084 1.195394 3.036168 3.859344 1.953974 0.9561359 0.6183446 0.5379807 0.4400963 0.3604983
0.3455383 0.3963022 0.6476285 1.204913 2.992907 3.749792 1.841894 0.8928685 0.5657317 0.5733587 0.4554737 0.3604909
0.3188772 0.367192 0.6303762 1.28473 3.010394 3.698322 1.797557 0.8325636 0.5006705 0.5167895 0.4177948 0.3270778
0.3461018 0.3908991 0.6585188 1.225989 3.15072 4.030739 2.087688 1.038699 0.5991795 0.5533991 0.4482055 0.3584148
0.3625321 0.4043407 0.6752275 1.250778 3.187037 4.089838 2.157957 1.101564 0.6915432 0.6213732 0.4986615 0.39635
0.3543579 0.3890174 0.6426342 1.187217 3.024314 4.115518 2.205246 1.109209 0.6812979 0.5894204 0.4703928 0.3728913
0.3411697 0.3760309 0.6626455 1.303942 3.224079 3.88918 1.934112 0.9459398 0.5936262 0.5513503 0.4499449 0.3558386
0.3477452 0.3882994 0.6534896 1.268607 3.360469 4.076615 2.095174 1.041015 0.6684593 0.6185385 0.4875696 0.3837353
0.3415998 0.3926002 0.6355045 1.184316 3.127187 3.939368 2.045594 1.00108 0.6122664 0.5363603 0.4332157 0.3456409
0.3391439 0.3971842 0.6322747 1.195962 3.093096 4.033226 2.074719 1.047015 0.6549566 0.570014 0.455624 0.3689147
0.3432939 0.3932599 0.6732039 1.242116 3.023634 4.015509 2.084471 1.030074 0.6757087 0.5817504 0.4731565 0.3721204
0.3421866 0.4088254 0.666807 1.271183 3.186024 4.085692 2.168182 1.08832 0.6784391 0.561614 0.4521989 0.3585094
0.3440218 0.3838492 0.6505484 1.249635 3.063612 3.68784 1.841431 0.8345396 0.5225918 0.5377969 0.4295768 0.3450975
0.3250922 0.3886134 0.6999685 1.234896 3.021345 3.851788 1.920375 0.9199681 0.5524259 0.5363001 0.4165393 0.3329163
0.3400133 0.3974835 0.6437239 1.245274 3.191611 4.07841 2.140445 1.086479 0.6934326 0.5758849 0.4654897 0.3697605
0.3511464 0.3916057 0.6316365 1.210077 3.173735 3.930373 2.104402 1.080524 0.6917925 0.619751 0.4920403 0.3866624
0.3433594 0.40285 0.6771875 1.227474 3.089984 3.982863 2.084446 1.058127 0.6617162 0.59861 0.4911297 0.3832141
0.3242727 0.3746261 0.6363854 1.249026 3.203171 3.881705 1.955569 0.9514151 0.569366 0.5104866 0.3998944 0.3167626
0.3532514 0.4182999 0.6908089 1.318748 3.392497 4.181424 2.143393 1.07999 0.7095197 0.6172943 0.4824532 0.374866
0.3379143 0.3950317 0.6487572 1.302504 3.168427 3.937834 2.003793 0.9839992 0.6368619 0.5636985 0.4572841 0.3565211
0.3380409 0.3810027 0.6372234 1.253836 3.14923 4.076005 2.196715 1.153616 0.7033199 0.5815255 0.4696667 0.3711653
0.3449531 0.3942353 0.6300469 1.241078 3.198058 3.935544 1.998834 0.9769437 0.6068077 0.5628986 0.4524529 0.3609884
0.349556 0.3995729 0.6765897 1.267441 2.990773 3.942506 2.07354 0.9674567 0.5903253 0.5638822 0.4666271 0.3665317
0.3478504 0.3962341 0.6396963 1.254767 3.116757 3.966016 2.031224 1.037916 0.6511138 0.570459 0.4617455 0.3798035
0.3529138 0.4067355 0.6411715 1.303603 3.226927 3.790794 1.972962 0.9905717 0.6402247 0.5582655 0.4576171 0.368597
0.3458099 0.3812873 0.6542332 1.298289 3.174897 4.068428 2.129608 1.061236 0.6423561 0.6103736 0.4744056 0.3801963
0.3244826 0.3713492 0.6720616 1.246887 3.218289 3.912891 2.011314 0.9572542 0.5967917 0.5195696 0.4318181 0.337089
0.3399045 0.3810007 0.6584056 1.266555 3.147138 3.766044 1.890012 0.8766654 0.5446941 0.5355916 0.4458122 0.3544392
0.3462039 0.385042 0.6779218 1.270001 3.049303 4.047966 2.13779 1.075091 0.665435 0.6266159 0.4884162 0.3829941
0.3466496 0.398944 0.6632054 1.259993 3.047411 3.900263 1.990267 0.9587789 0.5739082 0.5468697 0.445417 0.3547037
0.3640823 0.3932288 0.6832635 1.286977 3.310522 4.315699 2.360348 1.247706 0.7691895 0.6134057 0.4970702 0.3960838
0.3512704 0.38529 0.6490744 1.256812 3.13312 4.173985 2.225047 1.119057 0.6850762 0.5691459 0.4684736 0.3634991
0.3534045 0.3852924 0.6495515 1.29917 3.220059 3.948944 2.073728 1.026893 0.5997968 0.5463905 0.450909 0.3600236
0.3344283 0.3850532 0.6511469 1.220817 2.999268 3.961429 2.044795 0.9892207 0.5995952 0.5448474 0.4521785 0.3619151
0.3324032 0.3834617 0.6421222 1.249458 3.101293 3.904184 2.003568 1.00835 0.6397096 0.5565304 0.4430978 0.3475422
0.3482834 0.3954636 0.6577121 1.273729 3.045733 4.037264 2.106851 1.052028 0.6520965 0.5848821 0.4788002 0.3676555
0.3400295 0.3829784 0.6272867 1.231383 3.151118 4.09558 2.069688 1.022337 0.6350221 0.5744284 0.4525118 0.3586052
