0.201426 0.233631 0.269033 0.374745 0.616062 0.947657 0.647606 0.388559 0.273377 0.191413 0.179678 0.225025
0.0579399 0.1656223 0.1544064 0.06909928 0.07130017 -0.7270864 -1.325014 -1.550724 -1.552596 -0.3641736 -0.344912 -0.2543388
0.103378 0.1095467 0.2442934 0.07237187 0.8965706 1.287058 -0.7663415 -1.007428 -0.9148931 -0.2510105 -0.1149352 -0.09453808
0.02997896 0.1781318 0.05458655 0.09887279 0.892392 0.942705 -1.620796 -1.980729 -1.349109 -0.3292818 -0.20236 -0.1360601
0.02753535 0.1117541 0.1986103 0.1214658 0.8133049 0.8809051 -0.827339 -1.155963 -0.6453662 -0.3471229 -0.2684253 -0.282067
-0.02686698 0.06007861 0.1689263 -0.05132526 0.1834438 1.074296 -0.443158 -0.932976 -0.7645738 -0.5178761 -0.3074837 -0.2813001
0.02123549 0.1140336 0.1993712 0.3018219 0.5444777 -0.2455215 -1.193283 -1.369623 -0.9898706 -0.5209653 -0.3618992 -0.1921812
-0.04187405 0.1249412 0.1994759 0.01590337 0.8036914 0.7631433 -1.507227 -2.145999 -1.464356 -0.4564918 -0.5115446 -0.3427832
-0.0102771 0.1026031 0.1210041 -0.03634161 0.7368256 0.5858542 -0.8246245 -1.438557 -1.018737 -0.3527374 -0.3025969 -0.2305395
-0.01300606 0.2069265 0.2431694 0.2543147 0.2283163 0.436087 -1.617683 -1.635353 -0.971568 -0.4867887 -0.4292041 -0.3191323
0.006512091 0.1050969 0.1844479 0.1382087 0.767129 1.288298 -1.136154 -1.297561 -0.549437 -0.2828678 -0.2242104 -0.2571722
-0.01130082 0.05668095 0.1293073 0.2253066 0.6541179 1.065653 -0.9151132 -1.152266 -0.728579 -0.5791054 -0.4034192 -0.2999191
0.04882474 0.1270057 0.1594816 -0.0531244 0.6262284 -0.05516835 -1.435783 -1.562146 -0.8960528 -0.4642949 -0.2830617 -0.2420497
0.01050084 0.04445254 0.1975777 0.2043948 0.6219913 -0.6130338 -1.896786 -1.928041 -1.453876 -0.3940712 -0.352355 -0.2152883
-0.02276217 0.1479533 0.2540878 0.2374591 0.5110725 0.7836466 -0.8219494 -1.641464 -1.16413 -0.2413754 -0.2645778 -0.1334676
0.03126926 0.1031976 -0.01887684 0.2321045 0.7380487 0.5357231 -1.690948 -1.99754 -0.9622403 -0.2921323 -0.09312888 -0.1429088
-0.001871196 0.05760328 0.151753 0.1907544 1.270082 0.8619163 -0.4889011 -1.462045 -1.229875 -0.3663212 -0.3013984 -0.1896635
0.01798611 0.191247 0.08507817 -0.1367365 0.4877069 0.427399 -1.417475 -1.440713 -1.04735 -0.4249673 -0.254567 -0.2190319
0.06756264 0.09471394 0.08883526 0.1520515 0.7222057 0.2141179 -1.58813 -2.005571 -1.641207 -0.6097576 -0.3399253 -0.247721
0.039967 0.1383385 0.05245417 0.2231677 0.1579235 -0.2441667 -1.008897 -1.442144 -1.41025 -0.4359235 -0.3906371 -0.2597306
-0.02021781 0.1347909 0.05985141 -0.3043739 0.8571985 0.9370909 -0.3578281 -0.5706867 -0.6813364 -0.4600799 -0.1674444 -0.1267419
-0.07796464 0.1091094 0.1600685 0.3112291 0.3868743 0.5921568 -0.7935127 -1.091838 -1.024204 -0.7675788 -0.5140235 -0.4352392
0.01151031 0.09733368 0.1765617 0.189296 1.128835 0.3938217 -0.8149303 -1.403691 -0.8056918 -0.3111905 -0.3115311 -0.1754545
-0.02232236 0.1769413 0.2904565 0.02395188 0.9774525 -0.6054624 -2.108001 -1.865697 -1.155423 -0.4977887 -0.4096621 -0.2478186
-0.01428135 0.1603054 0.2882048 -0.04141543 0.6339572 0.7603685 -1.1488 -1.413226 -0.816866 -0.3415714 -0.3252232 -0.3230265
-0.03599533 0.1707913 0.191519 0.2531803 -0.02438564 0.8563581 -0.6551257 -1.315349 -0.7860369 -0.6371647 -0.316238 -0.1831517
0.06356393 0.201933 0.2134317 0.001928017 -0.3921997 1.229757 -0.4286348 -1.131592 -0.639306 -0.1605378 -0.2503565 -0.1617658
-0.00841355 0.0628753 0.06404389 0.2629106 0.8189861 0.55568 -1.337367 -1.467879 -1.110265 -0.6428131 -0.3338569 -0.304337
-0.1130446 0.1593014 0.1098537 -0.05605651 0.2297264 -0.5322937 -2.59772 -2.765475 -1.807297 -0.817389 -0.6797531 -0.4678874
0.0532235 0.07602144 0.1185626 -0.2621764 0.7592009 0.2773302 -1.344669 -1.621756 -1.076532 -0.5285587 -0.4228778 -0.3373575
0.003961839 0.03560798 0.2202923 0.09895903 0.6773099 -0.1097472 -1.362711 -1.639135 -1.031381 -0.4449707 -0.4016368 -0.2811671
-0.07510542 0.1993206 0.2125697 0.1095731 1.243662 0.4621429 -1.51296 -1.963764 -0.9143968 -0.6008673 -0.4839397 -0.4255219
0.06843639 0.1347945 0.2570585 0.2610906 0.8937553 1.2052 -0.4353525 -0.8048277 -0.7929857 -0.2178819 -0.2098192 -0.1677615
0.05378686 0.1102243 0.09301835 -0.09749988 0.8148722 -0.9874415 -1.572831 -1.828237 -1.026113 -0.1253137 -0.1103757 -0.08620873
0.07905773 0.1100128 0.1128077 -0.007348916 1.275772 0.8002593 -0.6472844 -1.383018 -0.9423524 -0.39493 -0.3513516 -0.1626355
0.09535722 0.2045734 0.1790251 0.3300134 0.3911376 -0.08724682 -1.965979 -2.448955 -1.258042 -0.3894952 -0.3486828 -0.2116513
0.06976487 0.1307105 -0.01161335 0.2632321 0.4253957 0.8133105 -1.487266 -1.791219 -1.324498 -0.4630413 -0.3029689 -0.27042
-0.1147892 0.1049409 0.02077575 0.2147227 0.6494141 0.05950566 -1.745348 -1.9331 -1.312604 -0.5159887 -0.2575281 -0.2155936
-0.005132699 0.1727056 0.2203769 0.02633584 0.4932045 1.26661 -1.508342 -1.932014 -1.242118 -0.3668207 -0.3045349 -0.2923175
-0.0257973 0.1612788 0.01755693 0.2647251 1.304927 0.6959457 -0.8360828 -1.107135 -1.258878 -0.4825568 -0.525438 -0.343751
-0.03067897 0.09430904 0.2955102 0.1596397 0.6653355 0.7029211 -0.9953658 -1.521842 -0.7858836 -0.5068414 -0.3765634 -0.2611433
0.06439563 0.08586415 0.1137495 0.03653618 0.8236542 1.065919 -0.7426099 -1.176399 -1.066893 -0.3756823 -0.1933862 -0.1619676
0.03597643 0.1536821 0.1442212 0.1736518 1.122165 0.06059336 -1.12339 -1.438642 -1.054686 -0.3873718 -0.2937279 -0.2065444
0.03369319 0.119716 0.1720511 -0.2844872 1.172576 0.484203 -0.9157813 -1.431071 -0.7580972 -0.2738735 -0.3269258 -0.3377432
0.03144139 0.1011963 0.2227987 0.2199599 0.2758892 0.9816676 -0.2070536 -1.429641 -0.7334633 -0.264059 -0.1926657 -0.07975182
0.04230844 0.1411095 0.147558 0.2979304 1.19749 0.1403926 -0.5520117 -0.9861883 -0.7801662 -0.393602 -0.3163007 -0.2468515
-0.02926141 0.1127226 0.2269764 0.3586258 0.85387 0.3876874 -1.456606 -1.818725 -1.220219 -0.4864365 -0.3159233 -0.3028308
0.03202666 0.1270429 0.1079905 -0.1318499 0.3160717 0.4125278 -1.431584 -1.642769 -0.9523139 -0.4723491 -0.3203394 -0.2663935
0.06427473 0.1412899 0.1416872 0.1055815 0.924926 0.4913414 -0.7566251 -1.228948 -0.9236282 -0.1722257 -0.04785765 -0.03854827
-0.06514097 0.120982 -0.07301695 -0.03704611 0.7116727 -1.205027 -2.818663 -2.258103 -1.51182 -0.4478059 -0.280236 -0.2201313
0.04958359 0.176409 0.2366637 -0.1143682 0.738023 0.4108422 -0.7268601 -1.339486 -1.370434 -0.1902979 -0.1636629 -0.1683224
-0.06276212 0.05886368 0.148768 0.1280145 0.8079788 -0.3100474 -1.633073 -1.473542 -0.9731543 -0.3234107 -0.3194457 -0.2791755
0.02970571 0.1450949 0.2028064 -0.2152039 0.5956753 0.8391203 -0.5988242 -1.193749 -0.7918215 -0.5045792 -0.3772803 -0.3276565
-0.1143899 0.0849345 0.02648756 0.2142791 0.8331893 0.09688557 -0.419816 -1.100308 -1.005603 -0.6631648 -0.5705803 -0.4080445
0.01028064 0.09692119 0.1449094 0.2490091 1.018131 1.403468 -0.6325811 -1.034284 -0.9404822 -0.4131735 -0.3324532 -0.2678943
-0.04119213 0.1386057 0.04683611 0.0209126 -0.05639479 0.293493 -1.691736 -1.989013 -1.634822 -0.4884581 -0.4013574 -0.2827441
0.0700836 0.1574061 0.09784144 0.2918264 0.4770473 0.07524467 -1.578943 -1.706845 -1.015891 -0.6565974 -0.427813 -0.2470234
0.1086973 0.1124894 0.08116662 0.3431136 0.5225648 1.093895 -0.5362188 -1.258122 -0.5833249 -0.2517124 -0.2988258 -0.198978
-0.003290285 0.1647721 0.2029412 0.02913773 1.289098 0.8782734 -1.124877 -1.301628 -0.8631728 -0.3068835 -0.3074939 -0.2795187
0.03935158 0.04623902 0.1796608 -0.1429659 0.3875516 0.9726811 -1.758065 -2.102611 -1.000499 -0.4345028 -0.2941168 -0.2297535
-0.01089028 0.13807 0.232792 0.008417763 1.099714 1.026057 -1.04508 -1.691961 -1.063464 -0.3098187 -0.2096129 -0.1362602
0.01692673 0.1124441 0.2017467 0.2026895 0.459735 -0.1524556 -1.148201 -1.641878 -0.8312765 -0.302783 -0.2970634 -0.2558672
-0.0881988 0.1005081 0.2883839 0.05822701 0.4249419 0.1904121 -2.091923 -2.242209 -1.347616 -0.6337323 -0.5236524 -0.3705578
0.02899957 0.1315595 0.1991361 0.4090565 0.5961588 -0.3378032 -1.609617 -1.88488 -1.116429 -0.3939498 -0.3797704 -0.3701082
0.04353489 0.09260422 0.2422363 -0.472768 0.8801431 0.1028698 -1.259017 -1.621078 -1.312221 -0.2665202 -0.16459 -0.09567394
0.06427598 0.1490065 0.1387074 -0.09616748 0.7913675 0.518891 -0.8115572 -1.370331 -1.007787 -0.385594 -0.2845983 -0.2281454
0.04281712 0.1577976 0.1883324 0.01930582 1.222964 0.7008059 -0.9789575 -1.454297 -0.9938187 -0.5012569 -0.3450923 -0.2005419
0.04694855 0.1314087 -0.02511433 0.4033958 1.309909 -0.5241834 -1.947097 -2.046574 -1.252951 -0.5828495 -0.3614538 -0.1864743
-0.1262588 0.08012628 0.1753274 -0.1384661 1.25033 0.83476 -0.8779795 -1.844645 -1.21601 -0.4978825 -0.3329416 -0.2954294
-0.05201798 0.1767031 0.1141975 0.1638846 0.1982774 1.218831 -0.4977371 -1.237783 -0.8451595 -0.2876531 -0.2656772 -0.190809
0.01698137 0.1001863 0.1763452 0.07410855 0.6924757 0.3126117 -0.7689259 -1.333447 -1.341774 -0.5897897 -0.33837 -0.2417616
0.003430403 0.07313834 0.1868294 -0.1616518 0.2384856 0.8933469 -1.375604 -1.855658 -1.210966 -0.4780263 -0.335818 -0.2877697
0.05912646 0.131062 0.2822021 -0.192337 0.900398 0.01356513 -1.703728 -2.022755 -1.482354 -0.5099895 -0.2400445 -0.1350953
-0.03943366 0.1091364 0.1262862 0.2839222 0.5230637 0.4248042 -1.619838 -1.33696 -1.345272 -0.1740934 -0.182679 -0.1052431
-0.01822244 0.1162356 0.1152271 0.3935673 0.8208978 0.5029566 -1.152643 -1.600046 -0.906162 -0.505717 -0.3140952 -0.2273681
0.0836421 0.1359607 0.123737 0.3947673 0.7408906 0.3829228 -0.5355178 -1.314079 -1.235447 -0.320742 -0.1916579 -0.1517558
-0.05175628 0.1523461 0.1617835 0.2626314 1.210933 0.4793166 -1.791701 -1.692738 -1.185971 -0.517985 -0.3507741 -0.2250347
-0.07245513 0.1195051 0.2008962 0.03683969 0.5004753 0.8396651 -0.6973771 -1.471797 -0.9212365 -0.5149815 -0.3621813 -0.2414101
-0.02387982 0.07951869 0.2006642 0.05691615 -0.004706152 -0.7742313 -1.746376 -1.884495 -1.119037 -0.2039232 -0.1348658 -0.1083886
0.1261314 0.1590822 0.1607341 -0.04683805 0.8381979 0.8116893 -0.8380566 -1.371236 -1.086516 -0.2347616 -0.05526215 -0.05616863
0.005957823 0.1083354 0.02407363 0.1572453 0.1781831 1.207857 -0.7321337 -1.167223 -1.020501 -0.4841612 -0.4023036 -0.2677409
0.008418448 0.06365344 0.1270124 0.1006316 0.6288952 -0.02133711 -1.51784 -2.134326 -1.148932 -0.469563 -0.3017254 -0.185383
0.03181963 0.1320698 0.3011409 0.09515746 1.491863 0.7185037 -1.3172 -1.495034 -1.202638 -0.3883754 -0.3070059 -0.2215584
0.04289761 0.1540722 0.1633569 0.06344353 0.8162258 1.226863 -0.5620037 -1.281543 -0.8455317 -0.4769436 -0.3697316 -0.2305776
-0.02465793 0.1138124 0.3174151 0.1216184 0.4421235 0.3035186 -0.8075987 -1.584475 -1.175455 -0.5054637 -0.3044592 -0.1899946
-0.008809169 0.1747755 0.02996204 0.04783641 0.337417 0.5889556 -1.446576 -1.370528 -1.020676 -0.692186 -0.5232772 -0.3187299
0.008700305 0.08676774 0.1809017 -0.04578083 1.423956 0.7105011 -1.167683 -1.389568 -1.02618 -0.289017 -0.1731949 -0.1124819
0.0822377 0.03277761 0.2342368 0.3391451 0.1848664 -0.0345278 -1.275693 -1.617758 -0.8434418 -0.4303125 -0.3450878 -0.2495822
0.004111356 0.1165874 0.1203656 0.0430789 0.3753775 0.09069553 -1.170689 -1.653376 -1.041997 -0.4305243 -0.2983857 -0.174973
0.06318848 0.1042778 0.1490857 0.162085 0.9856819 0.1348696 -1.65658 -1.898205 -1.211946 -0.3658141 -0.1852845 -0.1463843
0.02070406 0.1385801 0.3199566 0.1460111 1.16049 1.219713 -0.436567 -1.136086 -0.7072347 -0.3875014 -0.3823649 -0.2263382
0.03838489 0.1226021 0.1971951 0.4144914 0.6384099 0.4834267 -0.6591287 -1.260642 -0.8697428 -0.1861255 -0.2302378 -0.1382493
0.03176012 0.1718611 0.1451522 0.1271463 0.7303955 -0.1780786 -1.125332 -1.402048 -0.9835213 -0.3310722 -0.3032293 -0.2320193
-0.03342352 0.1366106 0.1978388 0.1434935 1.451053 0.115016 -1.925257 -2.394936 -1.376083 -0.725587 -0.3903358 -0.2590509
0.07585009 0.1290862 0.2287568 -0.1892753 1.056794 1.551611 -0.6194321 -1.362647 -0.7257453 -0.1571868 -0.1084881 -0.04900103
0.01286525 0.05348441 0.1741175 0.4797375 0.6336682 0.2237772 -1.187275 -1.589524 -1.227186 -0.5441863 -0.2782383 -0.2009021
-0.06882678 0.1735702 0.05907396 0.3635334 0.5447706 -1.067482 -1.691038 -2.337646 -1.730656 -0.7394573 -0.6260197 -0.384133
-0.01293736 0.1128655 0.2285168 -0.2735061 1.000991 0.953805 -1.139667 -1.783578 -1.228128 -0.5399979 -0.2679222 -0.1936651
0.05640486 0.1789741 0.1997127 0.04801023 0.8613751 0.5150969 -0.9905732 -1.504117 -1.252016 -0.3238442 -0.3039595 -0.2323069
-0.04704756 0.139465 -0.05689091 0.2616908 0.5791301 -0.5850476 -1.0577 -1.448271 -0.9451074 -0.385613 -0.2819276 -0.2064944
0.09367604 0.05222304 0.1287009 0.248307 0.007092113 0.7667109 -1.306973 -1.727142 -0.7765979 -0.3029112 -0.1579375 -0.09615141
0.07048534 0.1000173 0.2255299 -0.2801296 0.2507645 0.5234938 -1.333762 -1.164784 -0.7563498 -0.4995848 -0.3400567 -0.1651055
-0.01295871 0.02246005 0.127923 0.01347513 0.9785251 1.436021 -0.4359281 -0.8460536 -0.6197843 -0.332487 -0.1379628 -0.1586864
-0.02585187 0.1381763 0.2600428 0.1619055 0.4203106 0.2892446 -1.048338 -1.606641 -0.8874442 -0.4495469 -0.3030761 -0.2704834
-0.003871156 0.03571092 0.2341068 0.2120359 0.91807 0.7308651 -1.067933 -1.328827 -1.214539 -0.4241996 -0.2177328 -0.1487344
0.005937244 0.1644367 0.2558555 -0.1983014 0.2373687 0.9040532 -1.77025 -1.907548 -1.117811 -0.4781212 -0.3602933 -0.2669293
-0.03672847 0.1078085 0.2807837 0.2152882 0.006344067 0.2143622 -1.500491 -1.891368 -1.402599 -0.7602466 -0.5437915 -0.3714879
0.08036356 0.150003 0.0889145 0.1281242 1.127582 1.234551 -0.4188497 -1.086233 -0.9922006 -0.3070463 -0.2158168 -0.1437678
0.01767678 0.1915388 0.189689 -0.01161724 0.8373311 -0.2278879 -2.423826 -2.677639 -1.860763 -0.3743647 -0.3318431 -0.2042482
0.0579582 0.1253423 0.07404729 0.4127804 0.8629154 0.2782196 -1.588104 -2.163787 -1.271174 -0.3091035 -0.2714514 -0.1427449
0.0192412 0.1727901 0.1198844 0.003441646 0.4676341 0.7985647 -0.7306953 -0.9509406 -1.118659 -0.5939032 -0.330707 -0.1975829
0.0009458517 0.1921333 0.2685834 0.2940034 1.061947 -0.7370431 -1.637597 -1.529805 -1.252526 -0.319897 -0.2550014 -0.1184409
-0.05948512 0.127616 0.1384329 0.2879347 1.003674 0.92117 -1.029879 -1.34438 -0.995367 -0.7965441 -0.720478 -0.4263769
0.06617226 0.142872 0.1700362 -0.1103103 0.9160604 0.3374466 -1.052113 -1.603888 -1.027525 -0.4337866 -0.3489393 -0.116693
0.04526856 0.1340912 0.2223759 0.2628831 0.689535 0.5763688 -1.364668 -1.391827 -0.8716176 -0.4348844 -0.3056498 -0.1412842
0.0975635 0.08102517 0.1937109 0.1591168 0.9980288 0.2476196 -0.7851262 -1.388047 -0.9225335 -0.1933683 -0.1642677 -0.08958681
-0.1324887 0.1293154 0.1645533 0.2901573 0.9607646 0.5870473 -1.58071 -1.675411 -1.143604 -0.8698979 -0.6309025 -0.4639079
0.0662951 0.1201836 0.09308736 0.176345 0.8023995 0.2850931 -0.6787088 -1.000257 -0.8181249 -0.1762013 -0.1150666 -0.0741741
0.06197007 0.03310669 0.07766692 -0.08499116 0.9123741 0.7599951 -1.415642 -1.497461 -1.106504 -0.3882419 -0.2226536 -0.1899755
-0.03603239 0.2066459 0.2337122 -0.009595669 0.9781753 1.02948 -1.306169 -1.703246 -0.9786577 -0.5297482 -0.4692011 -0.3615494
0.07181652 0.1111525 0.06341 -0.3421297 1.025649 0.09720395 -1.455532 -1.615643 -1.162469 -0.201148 -0.08846088 -0.04694481
-0.08143149 0.1515564 0.2364071 -0.01655864 1.453918 1.364477 -0.3966896 -0.9294086 -0.7572271 -0.2340298 -0.1899226 -0.1580155
-0.002125316 0.09377184 0.1989956 0.1083907 0.6087522 0.7851275 -0.5747212 -1.237307 -0.9289327 -0.4688973 -0.2646024 -0.2446408
-0.2105768 0.1371237 0.2316971 -0.511888 0.1623486 -0.9633373 -2.986444 -2.767924 -1.94153 -1.133587 -0.8232999 -0.5545286
0.05497874 0.1613638 0.2326801 0.07877467 0.6493526 0.52175 -1.851365 -1.81734 -1.495608 -0.4529419 -0.3200005 -0.2791476
-0.01608759 0.1549778 0.1119605 -0.3730903 0.3087584 0.1741035 -1.712829 -1.643159 -1.020095 -0.371706 -0.2652814 -0.203468
-0.04790027 0.1159914 0.16925 0.08319358 0.07185188 0.9664277 -0.8307891 -1.383451 -0.815386 -0.5394587 -0.4760279 -0.3183646
0.04493935 0.1792634 0.2148995 0.1252015 1.158258 0.5096624 -1.451486 -2.072468 -1.213959 -0.6705601 -0.3181707 -0.1129917
0.0359348 0.132557 0.1656462 0.3327366 0.5172005 0.5407628 -1.263808 -1.441669 -1.146371 -0.3421771 -0.2483743 -0.2568925
-0.06989865 0.1579402 0.2616379 0.1008107 0.8074711 0.02449069 -1.517731 -1.628148 -1.071942 -0.4105566 -0.2508453 -0.1804436
0.1001095 0.2046026 0.2204985 -0.1226501 1.182158 0.04015568 -1.209781 -1.07865 -0.7496423 -0.4052088 -0.2941282 -0.2560083
0.02211421 0.1701385 -0.05364855 0.05901632 1.062319 0.3610615 -1.100705 -1.266038 -0.9121111 -0.5015295 -0.4079939 -0.3101373
0.041161 0.07597032 0.07995857 0.1887258 0.7322388 0.08023963 -1.354206 -1.405508 -1.030244 -0.4497753 -0.4097069 -0.2512454
-0.04408022 0.1426063 -0.08248985 0.1274457 1.188706 0.7201066 -1.269841 -1.288857 -0.9210418 -0.304093 -0.3156386 -0.1862063
-0.003475044 0.08922886 0.1823846 0.1759187 -0.006739342 0.1094712 -1.833619 -2.103487 -1.220808 -0.4068055 -0.3153316 -0.1899037
-0.01788855 0.1016968 0.2192185 0.2512195 0.8099695 0.1040883 -1.522049 -1.695899 -1.32831 -0.5486676 -0.3227767 -0.2610286
0.07140541 0.1723208 0.2994567 0.2299927 0.4771258 0.9941267 -1.555171 -1.817342 -1.223884 -0.2220273 -0.1408527 -0.05857663
0.09990094 0.09681287 0.056746 -0.1484967 0.003889103 0.7053117 -0.7434352 -1.449517 -0.9595134 -0.4067656 -0.3163671 -0.2117898
-0.01879969 0.1510372 0.1497246 -0.387255 0.9318827 0.9007023 -0.619768 -1.29855 -1.188155 -0.4256088 -0.4650267 -0.3546309
0.06717976 0.1213502 0.2372564 0.1122187 0.7062261 0.7041173 -1.067337 -1.406844 -0.7964906 -0.4914953 -0.2844266 -0.2055532
0.06184583 0.1225393 0.1520239 0.1595167 0.6009612 1.533134 -0.3900324 -0.9831273 -0.7491436 -0.2843536 -0.2219693 -0.1411532
0.06895531 0.1748719 0.1933164 0.2048531 0.8203778 0.4723645 -0.8944659 -1.702574 -0.9458944 -0.2066046 -0.1916892 -0.1372336
0.02550094 0.09746326 0.1768913 0.1691851 0.5639413 1.03358 -1.211384 -1.563715 -1.132689 -0.4913806 -0.3213888 -0.2151294
-0.01673852 0.1557523 0.2736665 0.06458362 -0.1748015 -0.1355505 -1.157799 -1.273942 -0.9234569 -0.3384813 -0.2135347 -0.1788121
0.00613902 0.1127902 0.04483344 -0.201397 0.4721719 0.9351794 -0.6328128 -1.406329 -1.248275 -0.3230251 -0.2808667 -0.2588813
0.09179412 0.1374084 0.08903406 0.04057593 0.9766164 -0.1048261 -1.855405 -1.747911 -0.8978935 -0.3413678 -0.2980799 -0.1509225
0.02977551 0.1283806 0.07206459 0.2276445 0.05144386 1.023314 -0.9395105 -1.326474 -0.8403227 -0.1911487 -0.1457276 -0.05185588
0.04281384 0.05102748 0.139891 0.04891234 -0.1870685 0.3535602 -1.13381 -1.91413 -1.281852 -0.3177025 -0.2465111 -0.1711477
-0.0364016 0.03833162 0.06473127 0.319411 0.9872364 0.4113027 -0.6888377 -0.8481444 -0.7968251 -0.3173793 -0.2158744 -0.08714776
0.02439378 0.09764849 0.1161198 0.09818672 0.6222073 0.589449 -1.940358 -1.90521 -1.133914 -0.425958 -0.3150734 -0.1602356
0.08188075 0.1808725 0.06669434 0.1749202 0.544408 0.9481895 -0.7174844 -1.57091 -0.8855742 -0.3059148 -0.1837244 -0.1877326
0.05132115 0.1368367 0.07666013 0.1577435 1.123903 1.344387 -0.5099866 -1.213513 -1.035984 -0.2274913 -0.2044277 -0.1191762
-0.03082979 0.07475282 0.1445147 0.1687147 0.8742465 0.8237615 -0.7304239 -1.216684 -0.9571891 -0.2710509 -0.2342649 -0.1606372
0.0967855 0.176027 0.3340812 -0.09324923 0.6009588 1.530968 -0.2896832 -1.225234 -0.5699643 -0.2636951 -0.1789143 -0.1303236
0.06293146 0.1575189 0.223033 0.277987 -0.1910395 0.440107 -1.065597 -1.469868 -0.8302255 -0.4136817 -0.3068417 -0.1671905
0.002244553 0.1087148 0.2685855 -0.05259143 0.7262923 0.4607368 -1.094041 -1.418602 -1.213241 -0.4331679 -0.389265 -0.2314606
0.09594776 0.0752462 0.09023339 0.1624535 0.4977522 0.7222773 -1.186923 -1.645745 -0.7939217 -0.4187595 -0.2223255 -0.1038979
0.02419075 0.1097727 0.1925272 0.1005949 0.6864119 -0.5088136 -1.305003 -1.797756 -1.12749 -0.7167143 -0.3350575 -0.1688623
0.09013467 0.1518416 0.2304783 0.3408929 0.93068 0.7673461 -0.6889704 -1.322695 -0.9577229 -0.3790211 -0.2286614 -0.1553428
-0.00596605 0.1625901 0.0448072 -0.287176 0.4984817 0.8454431 -1.238071 -1.517544 -1.147816 -0.3283538 -0.2514698 -0.2126358
0.09174807 0.1492805 0.2327765 0.2049001 0.3656907 0.9172776 -0.907915 -0.9541116 -0.5673154 -0.1991206 -0.1169214 -0.07050871
0.0346496 0.1457235 0.2423315 -0.138457 0.3124202 0.8031123 -0.49933 -0.9875733 -0.9622089 -0.3025629 -0.2285171 -0.1646473
0.02558007 0.1683783 0.213226 0.2787984 0.3263277 1.104758 -0.8668075 -0.9940408 -0.7287242 -0.233043 -0.1253685 -0.113496
0.0576408 0.1268266 0.1896603 0.3697955 0.9855195 0.4833582 -1.231141 -1.891489 -1.257716 -0.172277 -0.1599985 -0.1232771
-0.006972964 0.0977521 0.1480534 0.2367029 1.074189 -1.084249 -1.965943 -2.202178 -2.002403 -0.6011368 -0.3852672 -0.2513432
-0.02134007 0.09475324 0.05638617 0.1706848 0.5966795 0.06883137 -2.366714 -2.961956 -1.692593 -0.577036 -0.3353479 -0.2835099
-0.02602725 0.124736 0.2173637 0.1624982 0.2894313 0.2889187 -1.815774 -2.363542 -1.373761 -0.5331016 -0.4956005 -0.3836298
0.1327076 0.2017399 0.2753066 0.1299325 0.6449887 0.9267946 -0.5564665 -1.180053 -0.70364 0.005555288 -0.06446615 -0.02482438
-0.03361796 0.05994765 0.01824468 -0.01368388 0.2686318 0.8141568 -1.270614 -1.603863 -0.8604072 -0.4102322 -0.2750833 -0.2165267
0.07926964 0.05609281 0.165307 0.009058091 -0.5989643 0.09512284 -1.413965 -1.742869 -0.9987437 -0.6862789 -0.5843529 -0.3558605
-0.01744883 0.1661579 0.04025933 0.2546882 1.083055 0.3819371 -1.277382 -1.960411 -1.095566 -0.3307854 -0.3474383 -0.2900045
0.02923561 0.1688296 0.1072276 0.3054066 0.8339684 0.6072818 -0.3245917 -0.9643962 -0.8364896 -0.3253367 -0.4237439 -0.2653832
-0.04128985 0.1112485 0.2021692 -0.0456016 0.3441299 -0.3560842 -2.075344 -2.067288 -1.508167 -0.5760402 -0.4824633 -0.2236873
0.08232355 0.14262 0.1433675 0.1453875 1.080717 -0.2585882 -1.954272 -1.813785 -1.066458 -0.4860992 -0.3259526 -0.226655
0.04388108 0.1237942 0.1331768 0.166211 0.06084477 -0.875787 -1.806987 -2.099455 -1.101396 -0.4444417 -0.441269 -0.2746446
0.007288976 0.1480914 0.1946074 0.02681761 -0.02724019 0.5701663 -0.8533774 -1.168328 -0.8245429 -0.6532968 -0.4206397 -0.2600333
-0.03251099 0.121213 -0.07396657 -0.1260966 -0.03196397 0.6083237 -0.625571 -1.266588 -1.1519 -0.6601096 -0.3613498 -0.2606376
-0.04492228 0.1058452 0.2122659 0.1959355 0.2846585 0.7158843 -1.072022 -1.231883 -0.6648378 -0.4515913 -0.4405953 -0.3040234
0.01365932 0.08508455 0.08748417 0.1053201 0.6009413 -0.002898486 -1.249498 -1.25244 -0.8304072 -0.5024016 -0.3901112 -0.2578323
0.04509241 0.14627 0.08956506 0.1345857 0.002079527 -0.1826882 -1.108659 -1.415792 -1.089409 -0.3971424 -0.19656 -0.1080994
-0.01681407 0.1213079 0.1769498 0.1886783 0.3078967 -0.1859985 -1.355366 -1.68566 -0.8180988 -0.410857 -0.3112576 -0.231932
0.004599775 0.1124968 0.09603764 0.3868515 -0.3997605 0.9719462 -1.252205 -1.834513 -1.493217 -0.6501343 -0.4610026 -0.3085132
0.07164402 0.1208504 0.1452693 0.4319062 -0.4292961 0.8489929 -1.107315 -1.665312 -0.9786063 -0.2136422 -0.1913577 -0.0735009
-0.03411581 0.1842041 0.1307438 -0.04619719 0.07112311 0.3443435 -1.862221 -1.878514 -1.532631 -0.6800677 -0.4857457 -0.3179831
-0.04646394 0.1116762 0.1852283 0.05901592 0.5842312 0.5998071 -1.55032 -1.842466 -1.343995 -0.5387451 -0.4118502 -0.2823056
-0.03079278 0.0882125 0.04358113 0.3173906 1.090239 0.2675162 -0.8636177 -1.938278 -1.055766 -0.6711443 -0.5076961 -0.2944909
0.03025515 0.1442121 0.1104923 -0.001001819 1.375093 0.4636249 -1.040192 -1.357498 -0.869936 -0.3291231 -0.2393668 -0.1883471
0.008033744 0.07350054 0.1732174 0.2140513 0.3420932 -0.6910873 -2.176021 -1.950336 -1.268173 -0.4715442 -0.3784587 -0.171684
0.0199687 0.1091492 0.08263786 0.02056944 -0.2160698 0.1428689 -1.583013 -2.150761 -1.528353 -0.4539449 -0.2920893 -0.2127446
-0.02793858 0.1118388 0.0715174 0.2443144 0.798213 0.7735993 -1.733544 -2.251517 -1.682336 -0.4080833 -0.4109202 -0.2947193
0.03567167 0.130474 0.1307778 0.1622559 0.9066914 0.5467049 -1.262172 -1.330344 -0.9349855 -0.2426457 -0.2938608 -0.2354885
-0.01288158 0.05267401 0.1369799 0.07210303 -0.001048852 0.2559484 -1.277422 -1.683682 -0.9551978 -0.4991356 -0.3613542 -0.179062
0.08023533 0.108956 0.2457973 0.1131107 -0.2830173 0.3158164 -1.229565 -1.397078 -0.9379801 -0.3374437 -0.3119337 -0.1904585
-0.02577018 0.1593 0.2308568 0.04866255 0.5748391 -1.073589 -2.376561 -2.220543 -1.485589 -0.7098541 -0.4386041 -0.303203
-0.0127322 0.1310268 0.1474354 0.1874545 0.330092 1.556982 -0.6618932 -1.205607 -0.41172 -0.3597461 -0.4060898 -0.2512699
0.0305089 0.09021553 -0.04975935 0.09338636 0.6850473 0.6360566 -1.182002 -1.623448 -0.8931327 -0.4498993 -0.3233581 -0.2632126
0.02465513 0.1535974 0.08106286 -0.1099863 0.5496822 0.8074005 -0.8805797 -1.696141 -1.05268 -0.3145274 -0.1741596 -0.104233
-0.003405241 0.1832082 0.2368904 0.4000589 0.9273689 1.40725 -0.5541822 -1.257434 -0.7948018 -0.4282129 -0.3094973 -0.2470635
0.09304859 0.1422345 0.2067795 0.2415355 0.465404 -0.0650784 -1.192202 -1.571449 -0.8579688 -0.09459434 -0.01854417 -0.03548779
0.07169458 0.1641987 0.2045192 -0.06795354 -0.01071687 -0.1904944 -1.677856 -2.210698 -1.196114 -0.2308018 -0.1504398 -0.1482961
-0.0221082 0.0635951 0.1367119 -0.144718 0.777334 0.6634658 -1.557547 -1.745786 -1.064789 -0.6753432 -0.3827996 -0.2624016
0.0286567 0.1183152 0.1410217 -0.08958123 1.238754 1.276777 -0.6181527 -1.388437 -1.102551 -0.3670455 -0.2479163 -0.1674383
0.08251272 0.1718628 0.1590873 -0.1613054 0.7608451 0.3609624 -1.027666 -1.621302 -1.407375 -0.366445 -0.2899992 -0.2126282
0.05158395 0.1534716 0.3214642 -0.03766976 0.9978303 1.397309 -0.2082195 -0.9245064 -0.6662894 -0.3252458 -0.1735893 -0.1196251
-0.04929411 0.1319319 0.1948009 -0.006148788 0.8053263 -0.2022705 -1.730779 -1.956532 -1.268396 -0.358646 -0.2762176 -0.2412268
0.07290606 0.1351764 0.1014906 0.2575518 0.4995348 0.88377 -0.9466992 -1.328275 -1.107953 -0.3936088 -0.3607528 -0.1529476
-0.03952296 0.06984507 0.1294644 -0.03397934 1.081425 -0.08016402 -1.574974 -1.402534 -0.9934905 -0.3845604 -0.2882409 -0.1676709
0.04439397 0.1243565 0.1325144 0.2211398 0.2429117 0.8937416 -0.7035574 -1.055464 -1.001616 -0.5189099 -0.2728395 -0.2391481
-0.024826 0.1421725 0.1874638 -0.2543133 1.149295 1.167948 -1.323843 -1.881625 -1.39235 -0.327836 -0.3020745 -0.2927939
-0.02181188 0.1758298 0.07814683 -0.133073 0.0837228 0.8275792 -0.8015005 -1.07808 -0.7010006 -0.6009203 -0.3737829 -0.1478891
0.007735086 0.131242 0.158813 0.2573398 0.8042659 -1.886004 -3.728096 -3.521668 -1.883813 -0.6071964 -0.5023931 -0.3459467
-0.0361298 0.08781991 0.09342626 0.225789 1.081885 0.9617088 -1.252741 -1.741958 -1.352663 -0.6160226 -0.3266044 -0.2903967
-0.04407741 0.1355405 0.1458336 0.02775053 1.037283 0.7049144 -0.9513562 -1.503049 -0.9213212 -0.3359494 -0.1829643 -0.1556044
0.04140741 0.1354561 0.2100362 -0.3531461 0.8523997 0.04252449 -0.8289639 -1.32243 -0.9239208 -0.3688451 -0.1912147 -0.1855328
-0.01746695 0.1232163 0.321293 0.03225523 0.6412155 -0.03680397 -1.102797 -1.367223 -1.089632 -0.4209966 -0.2852722 -0.2613948
-0.03799527 0.06731601 0.1293023 0.09166316 0.4184538 0.2427866 -1.608136 -1.710503 -1.39213 -0.3460131 -0.3092193 -0.1851199
-0.01491345 0.00940557 0.07516185 0.1732303 0.6312383 -0.2416213 -2.49147 -2.245853 -1.516786 -0.6760843 -0.4501727 -0.253753
0.07016196 0.1359473 0.1613919 0.2343329 1.061169 0.6634826 -1.159092 -1.436414 -1.326915 -0.5263341 -0.2994242 -0.1456586
0.04955687 0.1677081 0.3043066 0.08664075 0.6653561 0.8271891 -0.383949 -0.958733 -1.005696 -0.2701917 -0.1284072 -0.1309229
-0.01699954 0.1197031 0.227913 0.02880002 0.5259474 0.744875 -1.041758 -1.371518 -1.274066 -0.3987626 -0.348433 -0.2646305
0.02803603 0.1550483 0.06714712 0.09587465 0.1524263 0.9759718 -1.096462 -2.009496 -1.700395 -0.7834822 -0.5447925 -0.3608251
-0.1071306 0.1055661 0.04300462 0.01820475 1.425763 0.9021231 -0.5832874 -1.460547 -1.007057 -0.6344519 -0.5134665 -0.4053116
0.08152916 0.127759 0.1063471 0.0120716 0.5808625 -0.1683937 -2.027606 -1.467898 -0.8206053 -0.1398972 -0.1228301 -0.08462749
0.08057884 0.1346281 0.2410758 -0.03976887 0.917321 1.155527 -0.5382921 -0.993749 -0.8502466 -0.2019733 -0.08865278 -0.06464128
-0.03794894 0.06248386 0.2642754 0.2068716 0.6181641 0.6181806 -1.317561 -1.703901 -1.383282 -0.4509014 -0.387815 -0.230127
-0.005813075 0.1469385 0.2655278 -0.2228432 0.7398441 0.7598445 -1.075801 -1.092697 -0.6772579 -0.3393666 -0.2304874 -0.1900516
0.04653691 0.03694909 0.223011 0.4031066 0.5213266 0.2195198 -1.409508 -2.178881 -1.200884 -0.3681788 -0.2799371 -0.2695212
0.0007809728 0.1491397 0.2104722 -0.1039484 1.26347 0.7561595 -0.597276 -1.322088 -0.8373485 -0.2531947 -0.2703397 -0.2632963
-0.01951358 0.1836318 0.2497953 0.2370356 0.9090729 -0.5421074 -2.391297 -2.808506 -1.253291 -0.4602204 -0.3082625 -0.2384325
0.08861778 0.1885145 -0.01040654 0.0549819 0.3037103 1.253903 -1.129931 -1.509662 -1.016209 -0.1898498 -0.1387501 -0.08355499
0.03892127 0.1088304 0.2695994 0.3989597 1.45275 -0.2689881 -1.534119 -1.636119 -1.075434 -0.6117468 -0.2366178 -0.2536735
-0.04499382 0.1203059 0.1331545 0.01812034 0.3433873 0.1704805 -1.436349 -2.076632 -1.161413 -0.5905285 -0.320698 -0.2616673
0.03655277 0.1801241 0.0748719 0.1887667 0.5906615 0.9751041 -1.163916 -1.662668 -0.7269302 -0.242827 -0.2672262 -0.1401523
0.04989286 0.1778636 0.1800573 0.07953126 1.047397 0.4986797 -0.3792066 -0.9644082 -0.908103 -0.2520878 -0.2529391 -0.2043802
0.07658688 0.108226 0.06431907 0.2796433 0.7441601 -0.05869321 -1.228907 -1.372689 -0.8571242 -0.3295865 -0.296931 -0.1848709
0.1032199 0.1354716 0.1698482 0.2448808 1.282491 0.6882614 -0.755752 -1.314607 -1.068918 -0.2308506 -0.1684088 -0.1055148
0.00215766 0.220272 0.1593414 0.06865937 0.719554 0.2694502 -1.031041 -1.325467 -1.030995 -0.2407409 -0.182733 -0.2131047
-0.04309966 0.124556 0.2414165 0.3203275 0.3751563 0.3262235 -1.086234 -1.45283 -1.117968 -0.4331352 -0.2724126 -0.1505051
0.01652032 0.179022 0.1482275 0.4637313 0.9977552 0.4535475 -1.084517 -1.279873 -0.6968372 -0.1979955 -0.2704951 -0.2008481
-0.07539302 0.1023092 0.1567934 0.03287623 0.5117914 1.38699 -0.7787575 -1.381966 -0.6536785 -0.3994026 -0.2730001 -0.2004982
0.0128527 0.08886149 0.1500437 0.08439972 0.3238411 0.3999899 -0.5856854 -1.236867 -0.9417648 -0.4382034 -0.3572463 -0.2255828
-0.03490544 0.05708795 0.206681 0.2867602 1.371423 -0.2498099 -1.576815 -1.408268 -1.121661 -0.5504738 -0.389013 -0.3289661
0.04653931 0.04289578 0.1216425 0.3083193 1.050028 0.7192078 -0.8145703 -1.043893 -1.220059 -0.5619211 -0.3746124 -0.253247
0.05918976 0.1289725 0.2332031 -0.009770901 1.064862 0.9028471 -0.7388889 -1.148712 -0.8044467 -0.470488 -0.3124916 -0.2437257
0.1239025 0.07682109 0.2994843 0.324892 0.5773122 0.7418356 -0.781579 -1.392131 -0.9180579 -0.1856432 -0.1026249 -0.09907775
0.01786705 0.1046137 0.02200943 0.2179416 0.4944206 0.9181558 -0.5054104 -1.041478 -0.5801819 -0.5436713 -0.3738839 -0.3423267
0.0745728 0.02846976 0.1764844 0.1003675 0.4427337 0.1834231 -1.04013 -1.659262 -1.332815 -0.1825212 -0.1403732 -0.1113289
-0.06595222 0.1246561 0.03026438 0.07741165 0.4259533 0.1609181 -1.140429 -1.436997 -0.9999743 -0.5674686 -0.470799 -0.394635
-0.05343366 0.06659634 0.1978853 0.1530059 0.2203901 0.2989172 -0.8635568 -1.458015 -1.150709 -0.4571781 -0.3923934 -0.2425605
0.009126962 0.1479078 0.2149757 0.09867743 0.2874977 1.114052 -1.214095 -1.879994 -1.028151 -0.5798836 -0.3380493 -0.2063098
0.04628784 0.1038512 0.2259266 -0.1720589 0.138617 0.8210233 -0.8645866 -1.305612 -0.951332 -0.357099 -0.3081452 -0.1625324
