0.9166731 1.151973 1.006588 0.8626493 0.3826044 0.4004552 1.153647 1.058815 2.051904 1.727237 1.145024 0.6685905
0.0502188 0.1448239 -0.2112983 0.0113938 -0.4490261 -0.1532355 0.1169114 0.1576896 0.03088134 -0.04309085 -0.1221469 -0.09494355
0.2386027 0.08267173 0.183627 0.1131099 -0.1228488 0.05841333 0.1114042 0.0001239278 -0.0841018 0.2101075 0.2662417 0.3230637
0.04706159 0.1976839 0.04473389 0.1603988 -0.00678765 -0.0325939 -0.2097329 -0.387925 -0.2778233 -0.1236014 -0.1161848 -0.08486542
-0.1498672 -0.2758017 -0.01505024 -0.04917829 0.04571856 0.04755942 0.02019411 -0.0477585 -0.04889268 -0.03388052 -0.09217566 -0.08905134
-0.1595223 -0.1527575 -0.1773249 -0.01496788 0.1825236 -0.06766627 0.1206316 0.1947377 0.18054 0.1161093 0.1035317 -0.02067556
0.1229194 0.3003552 0.2040547 0.3699182 -0.1768114 0.05219649 0.1210385 0.0264685 0.07775653 -0.05600579 -0.07936549 -0.1592645
0.004684515 0.1494048 -0.1187327 -0.09555849 -0.2142453 -0.1420149 -0.2574308 -0.3644743 -0.1651154 -0.1774789 -0.409053 -0.2052547
-0.1359485 -0.07204305 -0.2494376 -0.07719833 0.3364014 -0.1765292 -0.2520193 -0.2975529 -0.2318373 -0.3218308 -0.3246502 -0.2286161
-0.1204612 0.2645235 0.4066938 0.0242968 -0.002020808 -0.1305277 -0.06014905 -0.04015189 -0.1112651 -0.3558737 -0.4487996 -0.5814562
0.004602943 0.007741953 0.4499692 -0.3539197 -0.1408388 0.09902769 -0.1462372 -0.1075839 0.1910457 0.1826599 0.1856628 0.09393051
-0.04083946 -0.1318908 0.3063323 0.06830244 0.009769496 0.09817611 -0.008601847 0.05015728 0.05429912 -0.1842976 -0.273882 -0.265828
-0.1455266 -0.2793028 0.1574525 -0.4551923 -0.08408773 -0.2324984 -0.2807974 -0.2301667 -0.2451866 -0.2861647 -0.2193703 -0.2239198
-0.3722127 -0.4167822 -0.09270229 0.002771922 0.06673402 -0.1569222 -0.03729245 -0.09318241 -0.3742056 -0.1068156 -0.2062168 -0.3486182
-0.28592 -0.01463776 0.2030392 -0.03055788 -0.2556912 -0.2264094 -0.1389115 -0.2271529 -0.1167594 0.1409117 -0.01001168 0.07330021
0.09542631 -0.2121675 -0.03181384 -0.1252584 0.006154066 0.06778247 -0.2247034 -0.335197 -0.1756491 0.3296751 0.3731558 0.2529401
-0.06558984 -0.1551611 -0.231905 0.1396625 0.1695772 0.150167 0.02067306 -0.02957158 -0.07259174 0.08365304 -0.05423039 -0.002090459
-0.3113024 0.07567676 -0.02358453 0.1495636 -0.0649487 -0.3192816 -0.360319 -0.336473 -0.2090388 -0.2431576 -0.1638268 -0.130219
0.2799444 0.04150793 -0.2279104 -0.4330757 -0.06162745 -0.1084011 -0.3638224 -0.2817195 -0.4500426 -0.227373 -0.10236 -0.07921325
-0.4529504 -0.1368464 -0.317312 0.04448218 0.06484148 0.06228798 -0.06286636 -0.07955249 -0.04709533 -0.09568515 -0.2940202 -0.2823099
0.1823187 0.2260086 -0.07070675 0.07411254 0.02512921 0.1762456 0.1753846 0.3704918 0.1607966 -0.0695341 0.1424285 0.2496519
-0.1987765 -0.1128154 0.03478396 0.03693356 -0.08641462 0.2520073 0.2532741 0.2073829 -0.09497698 -0.2549891 -0.2351904 -0.2441672
0.1538268 0.2813188 -0.1513114 0.08507144 0.2912229 0.2779077 0.2484853 0.2507358 0.3598703 0.259202 0.2381155 0.3866244
-0.2258674 -0.2645137 0.07803466 -0.4274524 0.1305029 -0.5095405 -0.4110488 -0.2924989 -0.2122094 -0.01045292 0.0874396 0.1065186
-0.3434425 0.1373288 0.165898 -0.005280879 0.148658 0.09417869 -0.1870841 -0.2990339 -0.1960528 -0.06527099 -0.2072559 -0.3039997
-0.2553873 -0.1798701 -0.0391973 0.1234515 -0.07579811 -0.5925045 -0.3148383 -0.3448147 -0.2879473 -0.1605667 -0.114808 -0.01314067
0.1125434 0.1075643 0.07388754 0.1656393 -0.2160647 0.2490856 0.1997451 0.2579705 0.3280847 0.169342 -0.00344182 -0.0419616
-0.1411706 0.07715205 -0.1572529 0.334983 0.1085243 -0.1823133 -0.2318627 -0.09467597 -0.1867077 0.007951023 0.1049226 0.05924589
-0.3695325 0.25384 -0.252572 -0.04085801 -0.3048533 0.2844199 0.3318735 0.2617174 0.06839326 -0.265893 -0.3746125 -0.4105982
0.2841164 -0.1476794 0.08297972 -0.2139341 0.1686192 0.136574 0.05382338 0.1096356 0.06022601 0.135312 -0.1887285 -0.2314898
-0.1808253 -0.1953119 0.06123038 -0.1077844 -0.004269809 -0.4163804 -0.2834211 -0.1552628 -0.07232253 -0.3186725 -0.2316775 -0.1597153
-0.1074199 0.311295 0.4533596 0.315932 0.691452 -0.08435833 0.1192614 -0.1720312 0.03674525 -0.3357756 -0.3439446 -0.4166344
0.1641385 -0.3291785 -0.06089417 -0.149575 0.2570076 0.2214502 0.1428383 0.2007361 0.03823215 -0.06208019 -0.102031 -0.03082409
0.4597599 -0.3845015 0.06739513 -0.073085 0.2352574 -0.2126857 0.001091342 -0.07963869 0.07591863 0.1419315 0.1525728 0.2575251
0.1810401 -0.2260311 0.05749775 -0.0250715 0.2037522 0.1590799 0.03839862 0.06654899 0.3373161 0.1505145 0.09031167 0.2275359
0.03292282 -0.1783922 0.2461965 -0.006717456 -0.1094946 0.004573147 -0.07928798 -0.2342838 0.142007 0.0958003 -0.02808967 -0.0111976
0.2749383 -0.3068078 -0.1308924 0.2085498 -0.4984757 0.2044555 0.01969364 -0.05929758 -0.04376105 0.1846822 0.2675569 0.2552585
-0.6643246 0.1557381 -0.157437 0.3625283 -0.1130014 -0.1851031 -0.08919462 0.05190144 0.06081865 -0.04843392 -0.01186156 -0.1625952
0.07661828 0.2879908 0.1323019 -0.1157398 0.1298095 0.1767311 0.08468395 -0.04166004 -0.01289971 0.2718418 0.2501071 0.0710073
0.07795542 -0.04672886 -0.1922003 -0.10796 0.05076947 0.2713845 0.1524314 0.2562303 0.01682077 0.06405741 -0.0144588 0.01812096
-0.02722894 -0.259728 0.22293 0.1825571 -0.05584589 -0.002893515 -0.03875334 -0.06007098 -0.1117476 0.1319677 0.2434277 0.1667431
0.2546949 0.0165078 -0.2068392 -0.1207469 -0.01577366 -0.01251862 0.1385929 0.1268939 0.02549023 -0.1108668 -0.171333 -0.1230529
0.1157436 0.06073923 -0.08712456 0.1236199 0.5995712 0.07950232 0.1542127 0.1106118 0.1331403 0.03488454 0.06724174 0.1352281
0.05593426 0.1163868 -0.1137877 -0.2417553 -0.02700096 0.0607966 0.2485298 0.2434279 0.3346611 0.3767991 0.2743933 0.09175849
-0.150162 -0.1051754 0.1632249 0.3032689 -0.2458593 0.1321464 0.08302802 0.07700988 0.1110238 0.3058417 0.1745237 0.1214868
-0.01515411 0.2964012 -0.1412455 0.3908263 0.3086935 0.1740468 0.3967624 0.3991169 0.3675872 0.07235065 -0.07514394 0.05050496
-0.3019026 -0.3289113 -0.1150036 0.09493747 0.1459007 -0.04004352 -0.06425238 -0.2067756 -0.3372631 -0.3028637 -0.1879963 -0.3370258
0.09069228 -0.4621952 -0.02525941 -0.3222043 0.211979 -0.2333871 -0.1357363 -0.209196 -0.1321773 0.002829411 0.07615271 0.07553315
-0.2831704 0.1672744 -0.1324271 -0.1387929 0.4160694 0.3387207 0.1111298 0.1155893 0.1311457 0.4097209 0.3949217 0.290146
-0.09696847 0.09237228 -0.1376043 -0.3575089 0.2873627 -0.4957047 -0.3913377 -0.3082849 -0.3611781 0.08800843 0.2654942 0.2603108
-0.001898709 -0.1258493 0.209095 -0.05676842 0.1944173 0.06294167 0.1005945 -0.124148 -0.3599856 0.07171669 -0.03600861 0.0212055
-0.3692516 -0.4873405 0.1424026 -0.05452735 0.1203984 -0.1912934 -0.2770535 -0.1290342 -0.00769286 0.03483557 -0.1078689 -0.2070983
0.1129093 0.1726948 0.2153394 -0.1728558 -0.2403561 -0.07798603 0.2343457 0.2026306 -0.02801383 0.1118487 0.006712796 -0.1094417
-0.3744954 -0.3586909 -0.1595275 0.3116308 0.3321345 0.2097315 0.3723446 0.259411 0.2792966 -0.2049711 -0.1419237 -0.2150781
-0.06426891 -0.26189 -0.005499086 -0.3185473 0.6481946 -0.03262802 0.1392056 0.1987458 0.4100697 -0.005392184 0.01413922 0.05442897
0.1625256 -0.0280315 -0.3766298 -0.07869691 -0.05017043 0.08853093 -0.02881802 -0.02758142 0.1275179 0.2567162 0.1892395 0.2310615
0.06693638 -0.2326354 -0.1483695 -0.1890362 0.01937836 -0.2767358 -0.01895456 -0.1349513 -0.007371575 0.001798973 -0.07445383 0.09338158
0.2888575 -0.2599596 -0.2304728 -0.08732436 -0.2451813 0.1607192 0.2349179 0.3478233 0.524102 0.06864042 0.001850717 0.06069598
0.3662294 0.07225404 -0.1117206 0.1072418 0.1498957 0.2603637 0.3987245 0.4799118 0.7414075 0.4794899 0.4495692 0.2777489
-0.4285027 -0.4477759 -0.1087299 0.01644929 -0.4047826 0.03181558 -0.1284533 -0.1345046 -0.1558347 -0.301951 -0.1511901 -0.1449447
-0.1030235 -0.1895521 -0.1711238 0.2028544 0.3640945 0.1671465 0.001052927 0.2006733 0.08806041 0.2040621 0.09687892 0.1857778
-0.06979809 -0.1731715 0.04128591 -0.09130486 -0.2425336 -0.25342 -0.07877898 -0.003869175 0.1606872 -0.05087292 -0.1305581 -0.1186189
-0.3221351 -0.05815633 0.05418739 0.2779059 0.2415196 -0.08629937 -0.3811687 -0.4810673 -0.375505 -0.2262958 -0.1474418 -0.3759739
0.1213211 0.1348711 0.03077781 0.4834254 -0.02802056 -0.4242434 -0.2343979 -0.1959575 -0.07235635 -0.1554666 -0.1359031 -0.09596745
0.2732334 -0.06394619 0.2434834 -0.1303778 -0.04257495 0.02152211 0.01260017 -0.05841264 -0.08916411 0.2977702 0.3322241 0.3659812
0.6477067 0.1471564 -0.3706293 -0.01745286 -0.0718535 0.1807487 0.382032 0.4000937 0.2558791 0.3701303 0.4272558 0.530647
-0.01036349 -0.02558271 0.05443165 -0.02249763 0.1444433 -0.1899599 -0.06245457 -0.286795 -0.2535925 0.09576072 -0.04022791 -0.1080144
-0.077075 0.1416789 -0.09393936 -0.1558422 0.0662241 -0.3525532 -0.3255077 -0.2472597 -0.1130981 -0.08219653 -0.07509212 -0.08234048
-0.3708366 -0.6030761 -0.006802065 -0.09712808 0.04775428 -0.2538497 -0.319436 -0.1709437 -0.220609 -0.2177302 -0.1370496 -0.2048617
-0.2010216 0.1805762 0.3226459 0.04112717 0.104376 0.1869309 0.1440136 0.04673194 -0.1005238 -0.09849394 -0.07539543 -0.074988
0.04633316 0.01134951 0.2415048 0.3212002 -0.0002793222 -0.02774639 0.246416 0.1767719 0.02016205 -0.123696 -0.1084391 -0.1154006
-0.4186577 -0.2675128 0.00883549 -0.3032094 -0.0876339 0.2242246 0.1276769 0.1117012 0.1656053 -0.0601624 -0.1122116 -0.1681348
0.2165048 0.3080637 0.05377114 -0.3647793 -0.1130262 -0.03939316 -0.2075523 -0.205619 -0.1314651 0.3266827 0.4487581 0.4261385
-0.3543707 -0.06351356 0.05317083 -0.08566759 0.3247102 -0.07655171 -0.1963223 0.09956843 -0.04364936 0.07118955 -0.1648376 -0.1908554
0.03125193 0.1714099 -0.1263649 -0.1335192 -0.1370596 0.1293597 -0.2497101 -0.2420007 -0.1041701 -0.2745392 -0.1891536 -0.07504225
0.2316167 -0.09538576 -0.2787369 0.6619505 0.06010216 0.02051367 0.2412947 0.1725304 0.1859698 0.1681493 0.1666172 0.0880949
-0.3789986 0.2279281 -0.3186646 0.09213429 0.1780158 -0.02927614 -0.1056196 -0.04239536 -0.2449289 -0.1067274 -0.09921435 -0.1947451
-0.2135956 -0.07028492 -0.1827777 -0.2130393 0.1288429 0.1135724 0.1347077 0.06550371 0.06382655 -0.4261006 -0.3415015 -0.3254001
0.2009943 -0.1114364 0.02556534 -0.1468306 -0.05066151 0.09306724 0.06023738 0.1120228 0.18122 0.3222498 0.2240528 0.3284473
0.1587131 -0.2052247 0.2348862 0.01857122 -0.1443116 -0.0537172 -0.1738589 -0.1169757 0.01988859 0.5078262 0.3091846 0.2778826
0.008399293 0.04190517 -0.2923581 -0.3751935 -0.4188476 0.1607343 -0.09478677 -0.03772915 -0.1977299 -0.001930346 -0.08283719 -0.03347963
0.2878905 0.1932821 0.167175 -0.272411 -0.03656185 0.06179605 -0.00774195 -0.07439052 -0.2311233 -0.0385293 0.1379495 0.1830384
0.1842277 0.1016316 0.4069455 0.9741443 0.6307258 0.1462347 0.2051673 0.2963089 0.2766838 0.3393264 0.2314974 0.1423847
0.07969529 -0.2527052 -0.204479 0.01287901 0.0272665 0.4639292 0.3965629 0.2327904 0.2265581 0.0850917 0.01299275 -0.03122025
0.2312852 0.07292873 0.07813075 0.1114513 -0.05668556 -0.1426464 -0.03492694 0.06467739 -0.0252619 -0.05760873 -0.0820581 0.03442882
0.08375603 0.08742436 -0.3908067 0.1173604 0.168752 0.1698505 -0.07954749 -0.1551885 -0.2308889 -0.299995 -0.337809 -0.154842
-0.03890088 0.1741707 0.07233266 -0.1814947 0.3004361 -0.2019879 -0.2003542 -0.2139246 -0.01196153 0.2162614 0.2301933 0.2291379
0.1564533 -0.2783449 0.05462455 0.09839308 -0.116631 -0.07382183 -0.1962249 -0.2587736 -0.1814937 -0.3403874 -0.283797 -0.243677
-0.09836669 -0.3129975 -0.1830859 0.05520013 -0.01759759 -0.1676456 -0.4427647 -0.3076365 -0.4308945 -0.2010475 -0.07097208 -0.03563863
-0.1491859 0.1103745 -0.02345923 0.1880966 -0.04935588 -0.46053 -0.466485 -0.455667 -0.4102323 -0.2339157 -0.08712161 -0.1434789
0.12746 -0.1680029 -0.07310149 0.01603903 -0.09401042 0.3100463 0.08154175 0.07900111 0.002112722 0.02691432 -0.04215455 -0.03935179
-0.004709922 -0.1845309 0.1291608 0.1397379 -0.04385205 0.3991228 0.1962076 0.329413 0.1314013 0.2758149 0.1994167 0.06498506
0.1411327 -0.06762531 0.1029308 -0.3320612 -0.03998321 -0.01214403 0.0160828 0.3086276 0.4309447 0.2432813 0.06497593 0.1271266
-0.2352067 -0.1192572 -0.1014042 -0.2184127 -0.163669 -0.396165 -0.3095497 -0.4671055 -0.4438379 -0.4665671 -0.3661157 -0.3897245
0.2711753 -0.09201638 0.003614347 -0.1314246 0.1922775 0.02071589 -0.02522695 0.02504234 0.08444457 0.3228346 0.2868417 0.2936884
-0.0819009 0.300941 -0.08795091 0.1926453 0.05061394 0.193503 0.1824384 0.114576 -0.06649866 -0.09697554 -0.04741018 0.007648305
-0.04569325 0.4420788 -0.3922288 0.1765702 -0.0951664 -0.01863176 0.01852758 -0.06907949 -0.1053229 0.02859249 0.03278988 0.06372728
-0.3313642 -0.09925462 -0.1173433 -0.02104085 0.02413259 0.2344584 0.2504609 0.253428 -0.05493459 -0.3108772 -0.3673679 -0.1638576
-0.07486342 0.2601454 -0.1985597 -0.134362 0.1240663 0.2647535 0.04978664 0.06158543 0.09656789 0.1801674 -0.01889049 -0.02113234
-0.1766724 0.0323412 -0.4298048 0.06833913 -0.006495633 0.04349664 0.1645233 0.1897402 0.3027146 0.207498 0.2816597 0.1306182
0.05214205 0.02512791 -0.3145557 0.4322273 -0.2013599 0.2390677 0.3912022 0.3390052 0.4434364 0.3065567 0.242743 0.2642928
-0.1603104 -0.1787402 0.1746657 -0.6105774 -0.06389487 0.1604259 0.1361787 0.1767093 0.208045 0.02143205 0.007704397 0.07983809
-0.02649034 -0.6588834 -0.1321326 -0.009694909 0.5017835 0.2520389 0.3083229 0.3051465 0.2969815 0.05769473 0.02863262 0.05742421
0.08882887 -0.02856331 0.141744 0.04898459 -0.01771235 0.236561 0.06469492 0.05921003 0.0769474 0.1185883 0.2088352 0.2251274
0.3303414 -0.3218479 -0.08526508 0.2335238 -0.1496003 -0.00418416 0.1209389 0.2971334 -0.01400898 -0.3532562 -0.09436797 -0.03728655
-0.1416946 0.03723822 0.1485169 -0.4211249 -0.2901132 -0.1987007 -0.3759203 -0.2617831 -0.2680796 -0.2662078 -0.3973292 -0.3598028
-0.05870146 -0.2480342 0.2335917 -0.2989496 0.1103031 -0.166431 -0.1867047 -0.2585034 -0.3816644 -0.3434389 -0.3855982 -0.2751866
0.05026169 -0.05433773 -0.028437 -0.06403095 0.05331655 0.0329164 0.1448609 0.07673106 -0.01927297 -0.3323783 -0.389286 -0.2749228
0.3606019 -0.04286795 0.02507298 0.1043772 0.3084514 0.05204842 -0.02779263 -0.04806268 -0.271901 0.2894632 0.2696609 0.3034633
0.3494934 0.006456864 -0.1709408 0.6893573 -0.208542 0.04013715 0.04811562 0.04860459 0.04449838 0.06080984 0.06727707 0.04914763
-0.1586356 0.2548102 0.1360383 0.1298154 -0.1054888 -0.1840628 0.03296724 -0.08930679 -0.2156045 -0.3481034 -0.1181241 0.04842732
0.07047079 -0.08722391 0.008803237 0.2447701 -0.06432615 -0.3737872 -0.1564285 0.0132394 -0.0006059087 0.2742804 0.1933344 0.1002121
-0.1676167 -0.2951176 0.04277698 0.02449801 0.01921344 0.1346843 0.1476557 0.195858 0.1482772 -0.1445476 -0.4370845 -0.2912143
0.1341898 -0.0799886 -0.08164822 -0.05221327 0.3359349 -0.05292539 0.01042491 -0.1134807 -0.006468295 0.05417361 0.177467 0.2140802
-0.07818733 0.06316445 0.1814751 0.342972 -0.06463017 -0.2729039 -0.3211157 -0.1727444 -0.2390077 -0.1820565 -0.07717293 0.08503803
0.5341399 -0.02114113 0.05986183 -0.161557 0.1648678 0.2286031 0.5914173 0.5244033 0.2978415 0.2752392 0.1352907 0.1575504
-0.3576297 0.02173107 0.03155853 0.2246277 0.01472213 -0.07762513 0.01616637 -0.03647986 -0.01414104 -0.216304 -0.1192132 -0.3260483
-0.06759318 0.0450014 -0.3496827 -0.1099439 0.197044 -0.303193 0.07133364 0.02415654 -0.01371948 0.02791412 -0.04298397 -0.0522802
0.08415747 -0.2138607 -0.2227823 0.03111365 0.05860399 0.05055163 0.02268024 0.1246306 0.1132185 -0.2117403 -0.206559 -0.08183195
-0.1260255 0.2344813 0.6498685 0.2839852 -0.08149152 0.07034744 0.1358906 0.2228696 0.2811647 -0.2750632 -0.3720048 -0.3684832
0.2736165 -0.2741755 -0.2668905 -0.05257272 0.1073482 -0.1437975 -0.1821632 -0.01874496 0.1423954 0.4922921 0.4142212 0.3774498
-0.277319 -0.05429054 -0.1530724 0.03304286 0.3243264 0.2093117 0.2604638 0.1280616 0.009964427 -0.09195532 -0.09840502 -0.1815858
-0.0534555 -0.1464899 -0.05522517 0.1367534 -0.2367835 0.004644743 0.2440056 0.15284 0.1438156 -0.06130993 0.05572512 0.03680581
-0.2654207 -0.09411319 0.01475013 -0.2748744 -0.3585746 -0.4321375 -0.5223355 -0.5682549 -0.5729832 -0.5203971 -0.3993873 -0.2927984
0.1080364 0.2270016 -0.05969612 -0.04236019 -0.4065495 -0.01705553 -0.1380962 -0.01632212 -0.1179116 0.06859854 -0.006992995 -0.03727854
-0.3476475 0.2137302 -0.05297654 -0.3102207 -0.1091441 -0.2875923 -0.07023734 -0.1562176 -0.1695445 -0.1892236 -0.1875539 -0.3184621
-0.07102351 0.0002136907 0.08935995 -0.0746979 -0.1336491 0.121004 0.08882302 -0.07464637 0.08884192 -0.06864045 -0.0582587 -0.08088554
-0.1273484 0.09762509 0.1524554 0.256567 -0.237398 0.02526805 -0.2712588 -0.4648877 -0.4147765 -0.2623524 -0.1151098 0.03061957
0.5066939 0.08308636 -0.0398278 0.1785816 0.09290563 0.2314699 0.1030883 0.2555706 0.467924 0.5664 0.4811109 0.3921546
0.009603876 -0.1166265 0.3788044 0.02907458 0.3359623 -0.01835488 -0.01314489 0.1781442 -0.01161421 0.237414 0.1288518 0.1429333
0.01108768 0.282284 0.2464547 -0.1620503 0.1827552 -0.2026373 -0.281147 0.04347207 0.01896233 0.01282621 -0.07132693 -0.06085313
0.03869749 -0.1400588 -0.3585059 -0.1015151 0.04309336 -0.2595576 -0.3487661 -0.2582225 -0.2693935 -0.2931853 -0.24769 -0.1752947
-0.06913726 -0.2056518 -0.1961432 -0.08648972 0.1604038 -0.2594767 0.1176213 0.1945776 -0.06683325 0.1765014 0.02814233 -0.1097462
-0.08220392 -0.2020203 0.2473634 0.04974289 0.4155809 0.5226211 0.6057586 0.9487026 0.4090959 -0.0510674 -0.02576697 -0.03072571
-0.2921149 0.07631119 -0.2612065 -0.1552509 -0.02138943 -0.2907099 -0.1802977 -0.08580814 0.09408768 -0.05007591 0.007769801 -0.0349841
-0.1690074 -0.006763738 -0.008462129 0.1142516 -0.1462658 0.07168892 0.06506158 0.1025322 -0.2060611 -0.00274471 -0.02713283 -0.0168226
-0.2383357 -0.1513291 0.186583 0.07264857 -0.2102735 0.07714606 0.04829783 0.0956739 0.03090019 -0.142156 0.02047963 -0.1153313
0.1571144 0.07425042 0.1253346 -0.2061068 -0.5610447 -0.2376134 -0.07188499 -0.1483674 -0.1888302 -0.0789619 -0.06649943 0.1324967
-0.2287005 -0.2928904 -0.2992222 -0.3081708 0.2165196 0.2815837 0.1628635 0.2616653 -0.004129164 -0.3097694 -0.4227149 -0.4819418
0.3357717 0.1327346 0.3903621 -0.03915401 0.3802378 -0.2766148 0.01957973 0.02607331 0.1000874 0.1870221 0.2362758 0.3092764
0.2600353 0.2649586 0.03928505 -0.02488323 -0.04880915 0.3530411 0.2076505 0.3713367 0.290002 0.00628172 0.01573318 0.1054452
0.1117854 -0.09687634 0.2029796 -0.3359005 0.3093617 -0.1312318 -0.1114871 -0.04402921 -0.02087584 0.1414239 0.2077968 0.3821891
0.07429658 0.09086547 -0.1224718 0.1654474 -0.1540451 0.5780064 0.41613 0.4631979 0.3587902 0.1415775 0.08350472 0.0634081
0.0544498 0.09262403 0.4055679 0.1802511 0.04475543 0.1090424 0.1685095 0.2024892 0.174509 0.1351504 0.3027468 0.1612838
0.07990499 0.04531385 -0.03516147 -0.1109105 -0.01069896 0.006692057 0.2889131 0.3409549 0.2841456 0.2799377 0.4535202 0.3881334
0.1109033 -0.1570067 -0.5664887 0.02012329 0.1424512 0.0149325 0.2513419 0.3620065 0.2657776 -0.05784251 -0.16853 -0.1955941
-0.08330489 -0.111771 -0.1061905 0.2229282 -0.1629272 -0.08589542 0.07999714 0.1663495 0.02488675 0.2317139 0.1061369 0.1505306
0.03819846 -0.3529949 0.4078531 -0.1316006 0.1709209 0.06917718 0.1009018 0.02287559 -0.08143346 -0.09426679 0.07239519 -0.008733519
0.3338972 -0.399114 -0.01383932 0.08028734 0.06882976 0.0786478 0.1440236 0.2642927 0.3435496 0.5656464 0.5042892 0.5548371
0.2052789 -0.3065961 -0.2924409 0.3652638 -0.0568924 -0.3970369 -0.4281279 -0.2003461 -0.1474806 -0.07429418 0.09031062 0.1566463
0.08013341 0.2291749 -0.2158041 -0.09765997 -0.2376758 0.4995263 0.2622124 0.1018348 0.2257209 -0.05973836 -0.08775445 -0.1315323
-0.07408488 0.1531427 -0.1781821 0.04806483 0.4361773 0.1341177 0.03413485 0.1636764 0.03594579 -0.1568521 -0.1200789 -0.1704996
0.02552115 -0.06578065 -0.06195348 0.07276858 0.3712186 0.1863809 0.1730744 0.1719204 0.1408545 -0.2625467 -0.1181365 -0.1794743
0.1238737 -0.03700932 0.08821144 -0.1283358 0.07637687 0.1166126 0.05862217 -0.1219851 -0.02943652 -0.1259051 -0.01322927 0.03260237
-0.05239029 0.1120133 -0.2357421 -0.2551356 -0.1422608 0.1364781 -0.1255801 -0.03423088 -0.2446572 -0.1236014 -0.07434499 0.02204581
-0.2054153 -0.3002447 0.2510362 -0.08314626 -0.1687416 -0.1082848 0.06874704 0.09166331 0.001393238 -0.1173768 -0.1484013 -0.1883963
-0.1554744 0.06272517 0.2053207 0.08832716 -0.2044361 -0.2858275 -0.1859285 -0.2385136 -0.1365224 -0.2084309 -0.2311812 -0.12573
0.3008935 -0.09840113 -0.1469516 0.2185143 -0.1338132 -0.4131453 -0.2445914 -0.09929607 -0.0892305 0.1089691 0.2182832 0.4252152
0.09098332 0.1767577 -0.2371603 -0.03648177 0.241151 -0.1205503 -0.09486892 -0.1061072 -0.09953068 -0.04740919 0.07059292 0.06716317
-0.03501301 -0.1770197 -0.280304 -0.5390286 0.114751 0.0436741 0.1409367 0.2248663 0.1878841 0.1729701 0.09753567 0.1106044
0.4640443 0.5187016 0.1104453 0.1055444 0.2105646 0.009947114 0.04486375 0.2271716 0.2752014 0.493025 0.4778735 0.44171
0.05746007 0.07215688 0.3133742 0.05286874 -0.2175282 -0.1619768 -0.03250558 0.001754726 -0.05150363 -0.0008694805 0.1274858 0.144578
-0.1455334 0.02477295 -0.02839891 0.1011668 -0.09384473 0.3507074 0.2929814 0.3945595 0.4039224 0.2842429 0.1490503 0.09272063
0.174963 0.07371608 -0.1195015 0.436814 0.5010042 0.3253361 0.440947 0.2542324 0.1721831 0.04973105 0.05547567 0.01909113
0.04279984 -0.3348487 -0.1453124 -0.04341753 -0.1607902 -0.07915689 -0.2040131 -0.3238537 -0.3547468 -0.2305934 0.008754356 0.04644333
0.02513666 -0.02738648 -0.08512713 0.1474594 -0.3250015 -0.0954281 -0.2512869 -0.4997319 -0.4464114 -0.3184951 -0.1215151 -0.2205595
0.09026016 -0.2812003 0.2443483 -0.2270947 -0.1120284 -0.1538893 -0.3312306 -0.4658093 -0.2988482 -0.0742845 -0.1215648 -0.122855
0.4189107 0.2248487 0.1490943 -0.2045861 0.2441126 0.03622861 0.1539074 0.147464 0.3044042 0.3218591 0.2877004 0.2842338
0.01395807 -0.1900757 -0.3048778 -0.3085065 -0.08629041 -0.06459319 0.291502 0.438711 0.584463 0.4546096 0.3131422 0.3508465
0.174016 -0.3534019 -0.1302623 -0.08559178 -0.1093506 0.2095963 0.1116799 0.05952195 -0.01289919 0.008068668 0.00512701 0.124857
0.1234556 0.3165453 -0.3070831 0.1408898 0.5337079 -0.01291116 -0.06325138 -0.09083868 0.1113382 0.09262549 0.2446207 0.2353316
-0.3935876 -0.02206455 -0.07308545 0.2974465 -0.06351784 0.09238092 -0.03318578 0.006711837 -0.1715271 -0.2767663 -0.4726709 -0.513175
-0.3015739 -0.2928117 0.3892497 -0.1210884 -0.01812445 -0.3220333 -0.2638278 -0.1964709 -0.1696326 -0.2162242 -0.1894136 -0.1964783
0.3457171 -0.204061 0.05811831 0.04079204 0.2594514 0.03730676 0.05789337 0.2059729 0.02879172 0.009326228 0.03883918 0.08164635
0.01813757 0.07477844 0.02192894 0.06989214 -0.4417913 0.08294871 -0.03815108 0.01874142 -0.02736328 -0.069614 -0.1909949 -0.1037026
0.01507761 -0.2304311 0.03276306 0.1012774 -0.4595278 0.08067521 0.1240007 0.14659 -0.1363017 -0.2331345 -0.1080637 -0.1126869
-0.0793493 0.09418497 0.03254933 -0.2177723 -0.06336745 -0.1588783 0.141508 0.09414025 0.04496544 -0.5179835 -0.3474323 -0.2334236
-0.08346706 0.1526302 0.1053886 -0.2663224 -0.1898229 0.1666456 0.1760683 0.1166985 0.2714319 -0.1755071 -0.2358821 -0.1968254
0.2171022 -0.1014198 -0.06025189 -0.2452213 -0.3127459 -0.2149038 -0.02613785 0.1866516 0.224793 -0.2575423 -0.2408168 -0.1599426
0.2187287 0.1028463 -0.105871 -0.03003666 -0.4323333 0.02931733 0.3309539 0.2432512 0.4349763 0.2885821 0.372766 0.4773148
0.05104035 -0.04152938 0.1541324 -0.1408564 -0.2209825 -0.2894164 -0.09366372 -0.1018219 -0.1537808 0.04199857 -0.07643925 0.0109748
-0.2995001 -0.4035723 -0.1433941 0.329418 -0.4938753 -0.1069677 -0.2808212 -0.3989087 -0.3381214 -0.110948 -0.08146525 -0.0321221
0.2289932 0.01657685 0.03576495 0.1111291 -0.3850543 -0.0499053 -0.1251497 -0.1645411 -0.168612 -0.03751654 0.04486759 0.08180807
0.04975008 0.4102695 -0.1505515 -0.07819093 -0.1565558 0.09795005 -0.05544601 0.1104495 0.1117431 0.3843816 0.1619522 0.1225829
-0.2687307 0.2009636 -0.1262859 -0.07022494 -0.09695593 0.1171942 -0.07805563 -0.1549785 -0.1127344 -0.1778521 -0.1997276 -0.1810726
-0.3750365 -0.4467684 -0.1310254 0.3422292 0.02110016 -0.2766087 -0.4445156 -0.431962 -0.3748617 -0.3609806 -0.4108076 -0.338174
0.03581566 -0.0846573 0.01196618 -0.104796 0.2209074 -0.04559822 -0.05409795 -0.094799 0.01826999 0.132731 0.2536223 0.1852967
-0.07587044 -0.4620737 -0.1158388 0.1423818 0.01378854 -0.7815378 -0.654986 -0.5887036 -0.6284629 -0.2158564 -0.1288466 -0.1039127
-0.07963834 -0.08842186 -0.2842518 0.142447 -0.2604136 -0.1939374 -0.4422905 -0.4215885 -0.1972663 0.08210292 0.1349178 0.1859545
-0.4770071 -0.07202404 0.08182135 0.1468685 -0.001367299 -0.1126911 0.008632437 -0.1004176 -0.2638908 -0.2928454 -0.4164878 -0.4509867
0.2319565 0.07444829 0.1400451 -0.1467255 -0.04955583 0.02591493 -0.1774598 -0.1234462 -0.07477406 0.1600099 0.1336876 0.05227833
-0.05704622 0.1988134 0.4316646 -0.2250151 -0.4217623 -0.3177142 -0.1220731 -0.1343327 0.2285647 0.1056872 0.128779 0.1603084
-0.1092695 -0.008203807 0.01612733 -0.1415972 -0.6222395 -0.5252456 -0.1520518 -0.1403432 -0.1112571 -0.07853458 -0.1033286 -0.07430298
-0.3228824 -0.2142606 0.7485631 -0.1373257 0.1311749 -0.1546639 -0.203302 -0.1589261 -0.2783632 -0.4559659 -0.4809146 -0.4674159
-0.1337542 -0.0466506 0.07111464 0.007697147 -0.4529271 0.3335258 0.1466023 0.216013 0.265096 0.04391157 -0.2301583 -0.2132852
-0.0566982 -0.2652165 -0.4745586 -0.127163 -0.1957412 0.0956344 0.1028424 0.03430866 0.1361253 -0.1311699 -0.1372253 -0.1554808
0.2286238 -0.09328175 -0.152241 0.1138274 -0.1030903 0.1239161 -0.04905032 -0.2249481 -0.2896825 -0.1406887 -0.137486 -0.1039588
0.1013051 0.3574187 -0.01521596 0.02631867 -0.1880077 0.306375 0.166226 0.08634584 0.08658158 0.1304011 0.07162083 0.09016775
0.1139043 -0.1735738 -0.04193422 0.2765055 -0.4377931 -0.4223678 -0.2178502 -0.1812484 -0.2349678 0.25791 0.2011903 0.253081
0.173054 -0.04507898 3.766353e-05 -0.1189032 0.2580813 -0.2923093 -0.3593781 -0.2731457 -0.1319553 0.1121847 0.2311373 0.1361971
0.003845262 -0.09955487 0.248469 -0.218821 -0.1171852 -0.02163644 -0.02592807 -0.01005056 0.1413312 -0.01646881 0.06445129 0.1587716
-0.06096955 -0.02763416 0.1776139 0.1556148 -0.1508188 0.3567844 0.3802547 0.4282353 0.1844371 -0.03473969 -0.0207528 -0.05949558
0.3213723 0.09455246 -0.007963121 0.1397054 0.2679982 -0.05244473 -0.05327301 -0.2021875 -0.2040397 -0.02945089 0.07735009 0.2621551
0.2437347 0.1708334 0.2374142 0.0009336227 -0.142049 0.3411662 0.2441062 0.2853152 0.2368772 0.115792 0.3025727 0.2908698
-0.5798302 -0.02197967 0.268145 0.2061571 0.3515997 -0.2039145 -0.1634181 -0.2219762 -0.1013068 -0.2813053 -0.2593752 -0.4711635
0.2873871 -0.1840001 0.01578075 0.3007755 0.06688946 0.2853838 0.1808399 0.1889156 0.2407045 0.3877455 0.3591813 0.4209728
-0.0659867 -0.6847709 -0.1951673 0.0424111 0.1722623 -0.02701234 0.01612266 0.1830978 0.2664892 0.1569307 0.1439356 0.1167497
0.2365448 -0.3008111 0.1781003 0.2599988 -0.1663979 0.4440699 0.4107035 0.4365464 0.3156584 0.1090089 -0.0309997 -0.1233562
-0.2067465 0.1310455 -0.1161813 -0.5230135 0.4138578 0.5799499 0.1058364 0.01407143 -0.1343913 -0.2966775 -0.3041744 -0.34383
0.04155396 0.1261927 -0.03575311 -0.1555222 0.1898145 0.1529625 0.1713461 0.2411515 0.1614673 -0.1404114 -0.02702786 0.04237488
-0.1099022 -0.00709671 0.1188094 0.1784115 -0.2779076 -0.5860105 -0.6011859 -0.6499243 -0.4132103 -0.1384891 -0.05849492 -0.1801042
-0.2497914 0.0281014 0.1560605 0.0917494 0.08810865 0.2623712 0.1543254 0.2283425 -0.02335456 -0.2528891 -0.3078216 -0.3541742
-0.2215592 -0.05875812 -0.04927541 -0.2162525 0.2143395 0.04463236 -0.02681498 -0.04353968 -0.009781357 -0.02027947 0.02649214 0.05342132
0.1408874 0.1874409 -0.281053 -0.3706988 0.1910081 0.1382445 0.2210922 0.1111013 0.1640333 0.1750188 0.159335 0.09233933
-0.5207025 -0.2389098 0.1711939 0.09828497 0.08477056 -0.2656311 -0.01433661 -0.08407044 -0.2205892 -0.2252264 -0.2101007 -0.2051291
-0.1160207 0.01167978 0.05320024 0.1088577 -0.1627494 -0.1389613 -0.187436 -0.077272 -0.01986575 0.07190787 0.04766219 -0.002085571
-0.001472478 -0.4192348 -0.09053135 -0.00869475 0.1949999 -0.2064417 -0.2103287 -0.1290815 -0.1362749 0.208521 0.1422608 0.1469368
0.3714754 -0.083971 -0.2902044 0.1317374 0.0939399 0.120201 0.2255312 0.3725117 0.385204 0.2243392 0.1353143 0.1552587
0.2754034 0.3486621 0.2868541 -0.1193242 -0.3003913 -0.02730955 0.09703654 0.2338724 0.1677143 0.438154 0.4246373 0.4084685
-0.18585 0.156308 -0.09033176 0.1749948 0.1299738 0.1730022 0.2353714 0.09832953 -0.0478194 0.1837171 0.1223345 0.003536355
-0.1949816 -0.2457792 -0.369875 -0.01613459 -0.2485858 0.4483808 0.2894356 0.2257925 -0.189576 -0.6881503 -0.5833578 -0.5731011
-0.2649555 -0.4684415 -0.3348727 -0.1159197 0.03032043 0.2340551 0.1474823 0.1101642 -0.1056598 -0.1513865 -0.2259602 -0.2248617
0.4565859 0.3834431 -0.1399839 0.1121946 -0.0993601 0.1231536 -0.1116471 0.04578713 0.3749919 0.4960311 0.3744636 0.3503514
0.1911889 0.08279118 0.09114292 -0.1768009 -0.003376894 0.02452328 -0.06183255 -0.04748779 -0.2097303 0.167872 0.2116624 0.1360268
0.01343357 -0.09935277 -0.01613928 0.1750068 0.1380153 -0.05329131 -0.1355439 -0.182906 -0.2057554 -0.1617123 -0.1351484 -0.05645334
0.02141492 -0.03668803 0.3713657 -0.2440149 -0.1468111 -0.1880411 -0.2168404 -0.1900893 0.322474 -0.159751 -0.1537118 -0.06917156
-0.1956968 -0.1059589 0.1972989 0.07485344 -0.03243529 0.1756609 0.02216142 0.0189445 0.1155307 -0.1266717 -0.1579188 -0.2565703
-0.2589926 0.1272882 0.1427393 0.07953596 0.004395684 -0.04928152 0.09220259 0.1204685 -0.07012679 0.02577702 0.03069829 -0.1202129
-0.1802643 -0.1811578 -0.1452154 0.1515154 0.00307736 -0.1759699 -0.2680595 -0.2320017 -0.06137684 -0.06201147 -0.06073755 -0.1166555
0.07122054 -0.273534 -0.2958513 0.05912008 -0.05457931 0.179781 0.1506818 0.1459122 -0.1370341 0.2554973 0.1608006 0.1464221
-0.09329543 -0.2381659 0.05238948 0.3064836 0.4360365 0.1045068 0.273565 0.3507481 0.5679686 -0.2683335 -0.08847995 -0.1964402
-0.2753338 0.02480538 -0.1859442 -0.1523273 -0.1943379 -0.1810508 -0.05624799 -0.3224503 -0.1490351 -0.1318652 -0.1367599 -0.06045914
-0.1261623 0.08646605 0.11135 -0.2639294 -0.0340158 -0.09330649 -0.1129775 -0.3530628 -0.2254825 -0.03242065 -0.05281193 -0.06283612
0.3272115 0.01419378 0.09676495 -0.1157882 0.247131 0.1102128 0.2368204 0.2085936 0.1677889 0.4658947 0.2770569 0.2698162
0.1461988 -0.05707318 0.1451942 0.193003 0.5449255 -0.2550429 0.1164735 0.2313382 0.3248399 0.1541717 -0.04496018 0.05550494
0.1277086 -0.2562627 0.3076224 0.2254134 0.3563021 0.1116851 0.2281051 0.10588 0.009641174 -0.000287978 0.05192 0.0407573
-0.1377651 0.230719 0.03036579 -0.1602523 0.004834994 0.04002639 0.03113311 0.1160633 0.1545532 0.4291293 0.2740416 0.2027148
0.006667713 0.09563567 0.5000135 0.3370227 -0.2670102 -0.1532488 -0.1819268 -0.1675545 -0.06358983 -0.03380927 0.08360408 -0.08815867
0.3722038 0.1506625 0.07968899 -0.1147622 -0.09235046 -0.1319992 -0.1134574 -0.09446325 -0.1169271 0.3319799 0.2908221 0.2874508
-0.1241494 0.1635923 0.06800829 -0.08913982 0.02338697 0.1985113 0.2119585 0.3639244 0.4997734 0.08133062 -0.003081145 0.06591971
0.226132 0.4605695 0.1013187 -0.574862 0.1608446 0.1688552 0.3984717 0.3923342 0.3486012 0.1055293 -0.03527967 -0.01007481
-0.5347075 0.1030633 0.2266428 -0.06391203 0.3165736 -0.1956435 -0.2408871 -0.2492842 -0.1319627 -0.3945281 -0.4431611 -0.5081642
0.3623111 0.04235285 -0.1477387 0.2490468 0.3839719 0.3639621 0.2723403 0.3357939 0.1748002 0.00594404 0.1625458 0.225556
-0.01462754 -0.3681893 -0.1937643 -0.1871664 -0.3407757 -0.2296648 -0.2401679 -0.2546685 -0.1547282 -0.1758754 -0.1193889 -0.2225494
0.1125254 -0.3277628 -0.009616342 0.09356997 -0.03844673 -0.1825241 -0.2002817 -0.0703631 -0.06062488 -0.03582561 -0.06935655 -0.06753198
-0.2083266 -0.2709102 -0.5883366 0.2789153 0.07413131 -0.08001656 0.03134528 -0.008426613 -0.03140867 -0.4171757 -0.3638864 -0.4302044
0.3499418 -0.4201567 -0.03787109 -0.07254216 -0.1611207 0.06482411 0.1159119 0.1051756 0.0475567 0.6844897 0.6220493 0.5701831
-0.07710588 -0.1487581 -0.5708452 -0.1344934 0.1481191 0.06779735 0.1248354 0.02447349 0.07333374 -0.06589099 -0.1314813 -0.07219515
-0.374038 -0.2420593 -0.04094459 -0.1468593 0.1897238 -0.1253634 -0.01193194 -0.02909887 -0.04824982 -0.2649719 -0.3074058 -0.2429403
0.3041073 0.04765528 -0.1803755 -0.006555698 -0.1471219 -0.038065 -0.2381907 -0.2428133 -0.03544991 0.01060823 0.1727408 0.3446916
-0.03101532 -0.177649 0.2006476 -0.4311523 0.02032105 -0.3378463 -0.1756684 -0.1791209 -0.06707766 -0.02653091 -0.004389495 0.02913767
