0.07263526 0.09161939 0.2148304 0.4988093 1.162763 1.573078 0.9859216 0.4054596 0.2946877 0.2762784 0.1240435 0.07783432
0.1236947 0.1031219 0.2015085 0.4373558 0.9883268 1.49547 1.320955 1.064168 0.7062392 0.3974009 0.2969645 0.2276879
0.1170174 0.1005206 0.179578 0.4608805 0.9240208 1.259834 1.164976 0.9015615 0.6004122 0.3687722 0.2828003 0.2170375
0.1219584 0.09300615 0.2040299 0.4739357 1.048473 1.446531 1.304857 1.033271 0.6504809 0.3773739 0.2913126 0.2188481
0.1278549 0.1094652 0.195193 0.4369767 1.022781 1.434755 1.267827 0.9881952 0.6434531 0.4078408 0.3143311 0.2317702
0.1332368 0.1130471 0.1764726 0.4505586 0.93178 1.314662 1.291815 1.011638 0.6898532 0.4248402 0.3227292 0.2460162
0.1427722 0.1078861 0.2100967 0.4771989 1.024332 1.349404 1.190771 0.9815257 0.6776594 0.4368133 0.3305297 0.246187
0.1288384 0.0997878 0.1850894 0.4739498 1.05313 1.407568 1.229 0.9804482 0.6415289 0.3859399 0.2940028 0.2250933
0.1266177 0.1018394 0.2000256 0.4326017 0.9186871 1.334917 1.213151 0.9747151 0.6186854 0.3732247 0.2884534 0.2265678
0.1319157 0.09754994 0.1925321 0.4205873 1.047246 1.318964 1.201815 0.9629138 0.6399746 0.3785942 0.295328 0.2169318
0.1257568 0.1091481 0.1968188 0.3933262 1.004737 1.227945 1.192088 0.9276281 0.5947266 0.3689261 0.2810378 0.2189124
0.1307037 0.1076686 0.2049038 0.4759175 0.9247911 1.354868 1.23926 0.9843387 0.6512519 0.4037256 0.3126295 0.2291644
0.1326303 0.09442127 0.1950513 0.4494668 0.9882077 1.358801 1.26783 1.022458 0.6417432 0.4005558 0.3136734 0.2395836
0.1388773 0.1236274 0.2031179 0.4439923 0.9772062 1.44755 1.340776 1.067646 0.6632962 0.3863672 0.30582 0.2332841
0.134992 0.1009552 0.204488 0.3983951 1.017624 1.234737 1.150508 0.9026276 0.5948842 0.3735011 0.2943354 0.2252938
0.1224111 0.09847151 0.210932 0.4065724 0.970964 1.424358 1.332087 1.058287 0.6562308 0.3839551 0.2967259 0.2246167
0.1294147 0.1071424 0.1948081 0.4400697 0.9440962 1.287345 1.242833 1.011566 0.6608679 0.4046635 0.3123636 0.2376394
0.1219307 0.0955445 0.1872375 0.4890426 1.049025 1.334064 1.193973 0.9580875 0.644355 0.3809606 0.2891958 0.2164256
0.1259645 0.09797812 0.2002284 0.4482897 0.7882023 1.408318 1.322136 1.057299 0.6944506 0.4316201 0.3224097 0.2408267
0.1223233 0.1019535 0.16799 0.4486624 1.013239 1.437579 1.299871 1.039339 0.7108205 0.3472152 0.2701237 0.208386
0.1190686 0.09686214 0.189259 0.4699887 0.9440021 1.176579 1.118762 0.8410198 0.5606359 0.3685206 0.2935163 0.2186551
0.1369432 0.1124836 0.1751372 0.4205873 1.031293 1.475549 1.445989 1.094117 0.7049754 0.4285597 0.322467 0.2518426
0.1281213 0.09505502 0.1831749 0.445387 0.9683524 1.546749 1.380665 1.087986 0.6729909 0.4051459 0.314107 0.2417715
0.130536 0.09829306 0.1938434 0.4468704 0.9205969 1.517588 1.349971 1.066032 0.6863421 0.4151618 0.3381122 0.2640103
0.1085303 0.09402356 0.1811549 0.4717241 1.051577 1.272243 1.166703 0.9265282 0.6445191 0.3336717 0.2534671 0.1936527
0.1236731 0.100419 0.183982 0.4162859 1.031581 1.203172 1.131548 0.9354486 0.5775855 0.3832707 0.2983813 0.2254739
0.1210075 0.09323089 0.1891739 0.4478447 1.000494 1.256681 1.172107 0.9603198 0.6390773 0.3610819 0.2756022 0.2073009
0.1407067 0.1140989 0.2117501 0.4679459 0.9766283 1.274674 1.227651 0.9623521 0.6262866 0.4192465 0.3277054 0.2520492
0.134628 0.1077895 0.2002814 0.4394474 0.8917621 1.529106 1.389016 1.107569 0.7536694 0.4013272 0.3163232 0.2314733
0.1179348 0.1024776 0.2071654 0.4302098 0.9417321 1.361538 1.193098 1.013219 0.680412 0.3692382 0.2815633 0.2158572
0.1474376 0.1151733 0.1751005 0.47651 0.8992906 1.367005 1.273665 1.013155 0.6477071 0.4300452 0.3339258 0.2576941
0.1361366 0.09651071 0.1948476 0.4833898 1.029746 1.516611 1.436209 1.164837 0.7282529 0.4102702 0.3181201 0.2460993
0.1326057 0.08990704 0.175051 0.4440999 0.9736691 1.260318 1.247243 1.01881 0.6888589 0.4015024 0.3097279 0.2354591
0.1207234 0.09858797 0.1880255 0.4409139 1.004194 1.397492 1.294723 1.013833 0.6689493 0.3390218 0.2502381 0.190263
0.1310035 0.1048073 0.1873098 0.4519721 0.9500588 1.303972 1.162194 0.9728734 0.6280541 0.3758249 0.287966 0.2211912
0.1208872 0.0864497 0.207278 0.3978041 0.9616348 1.269551 1.193537 0.9304809 0.6336714 0.4126707 0.2979212 0.2364232
0.1297012 0.1039314 0.1945739 0.4341076 0.7842722 1.357209 1.182795 0.9622358 0.648668 0.3795756 0.2958483 0.2360286
0.1222684 0.09455899 0.210842 0.4223852 1.025785 1.358651 1.292095 1.027038 0.661526 0.3640422 0.2608302 0.2000248
0.1394959 0.09753693 0.1939212 0.4635677 1.017768 1.437651 1.371352 1.111092 0.7120607 0.4263054 0.3266903 0.2543652
0.130696 0.1018224 0.2109463 0.4078349 1.011483 1.312548 1.247969 0.9987779 0.6556144 0.4136749 0.3096528 0.2300343
0.1378572 0.1049025 0.1823824 0.4626371 0.9629072 1.330468 1.262613 0.9599685 0.634257 0.3938624 0.3071102 0.2361319
0.1359165 0.1071049 0.2175638 0.4903772 0.9978405 1.269089 1.255279 1.02051 0.6964264 0.4008496 0.3083679 0.2310232
0.1366944 0.1009026 0.1886778 0.4639035 0.969423 1.349053 1.278851 1.000375 0.6516764 0.41076 0.3138 0.2380122
0.1401834 0.1193269 0.1966162 0.480985 0.845225 1.303984 1.225944 0.982263 0.6460911 0.3932794 0.3152207 0.246868
0.1242524 0.09700042 0.1937268 0.4594023 1.041626 1.235029 1.180641 0.9660034 0.6035301 0.386292 0.2927619 0.2211223
0.1236479 0.1024494 0.1879841 0.4430911 0.8877785 1.341241 1.229729 0.9618214 0.5911252 0.3697843 0.295058 0.2205277
0.1287807 0.1031012 0.1893261 0.4074429 0.9029619 1.235763 1.18819 0.9727132 0.6500002 0.4030494 0.3136736 0.2379227
0.1352319 0.09609744 0.1896852 0.4225653 0.9106331 1.418729 1.329792 1.03259 0.6865938 0.4209171 0.3233253 0.2439652
0.1112376 0.09581561 0.2069426 0.4498496 0.9120892 1.243273 1.133532 0.9336009 0.603501 0.3675886 0.2755337 0.2075854
0.143115 0.1053834 0.2081498 0.4235568 1.00807 1.447621 1.40379 1.106013 0.7298872 0.4112751 0.3092443 0.2365117
0.1094147 0.09312255 0.1920584 0.4420605 0.8992699 1.321189 1.255865 0.97991 0.6099573 0.3420055 0.2686469 0.1958315
0.1602068 0.1108584 0.2151745 0.4536003 0.9968637 1.465996 1.396293 1.071298 0.7120713 0.4304292 0.3388718 0.26601
0.1319932 0.1103838 0.2071798 0.4575418 0.823026 1.163743 1.091636 0.875894 0.5969785 0.381121 0.3003618 0.2271328
0.1279604 0.1069806 0.2111564 0.4748772 0.903454 1.327504 1.219635 0.9507755 0.6035104 0.3696382 0.2963629 0.2253762
0.1287503 0.1052953 0.1859473 0.447174 0.9353282 1.238888 1.145635 0.9256465 0.6216143 0.377491 0.2999919 0.2320877
0.1422081 0.1030622 0.198705 0.4258124 0.9527927 1.369759 1.286254 1.067888 0.713968 0.4095172 0.3252986 0.2492182
0.1236873 0.08792417 0.184044 0.4232532 0.9485362 1.350048 1.22424 0.9680857 0.6202171 0.3930632 0.3043698 0.2196845
0.1113677 0.08576253 0.2025792 0.4062313 0.8739357 1.237704 1.169153 0.9762255 0.6227001 0.3540933 0.2718675 0.205085
0.1363701 0.1017748 0.2086779 0.4799721 0.9140075 1.335421 1.316953 1.046662 0.7099508 0.4392481 0.3355825 0.2509074
0.1179316 0.08723411 0.1832603 0.4698222 0.8679409 1.367426 1.243707 0.9582084 0.6018081 0.3448015 0.2599826 0.2061966
0.1387852 0.09531378 0.1774004 0.4463697 0.9085002 1.310989 1.230298 0.9891135 0.6132942 0.3790558 0.2976527 0.2330946
0.1172946 0.1074146 0.1930561 0.4530493 0.8335541 1.248155 1.1664 0.9384639 0.6334908 0.3539146 0.2782583 0.20959
0.1467126 0.1092033 0.1907953 0.422296 1.028979 1.504107 1.418022 1.122346 0.7059345 0.4273298 0.3387903 0.2554907
0.1296759 0.102889 0.1732948 0.4290674 1.154956 1.551931 1.425134 1.130963 0.7140231 0.3912845 0.3159089 0.2413198
0.1285023 0.09372481 0.1736214 0.4335727 1.103305 1.297981 1.281891 1.022903 0.6938992 0.3965482 0.3105222 0.2327723
0.1268024 0.09513463 0.1901762 0.4674907 0.9637884 1.449688 1.398377 1.125427 0.7327643 0.4058703 0.3170217 0.2434082
0.1260473 0.1019332 0.1840578 0.4530554 0.8934364 1.263685 1.175767 0.9417024 0.6277293 0.4062787 0.3079424 0.2237965
0.1321838 0.09801762 0.2144013 0.4063837 0.9126796 1.541615 1.433522 1.117076 0.7323972 0.4314955 0.3264374 0.2419438
0.1306511 0.1015733 0.1948077 0.4394546 0.8565897 1.425187 1.302647 1.090141 0.6976428 0.4079222 0.3055918 0.2306134
0.1234984 0.09454033 0.181429 0.4724254 0.9878258 1.243231 1.148271 0.9065384 0.5739685 0.340445 0.2695505 0.214655
0.1283985 0.1071648 0.1991133 0.4486586 1.004208 1.380362 1.239493 0.9728297 0.655369 0.3819591 0.2931128 0.2239157
0.1336911 0.1004624 0.1954579 0.4689456 1.146928 1.314639 1.232656 0.983391 0.6697982 0.3991596 0.317733 0.2457419
0.1195428 0.08989188 0.1884805 0.466632 0.9879771 1.471446 1.36366 1.083336 0.7310819 0.3986 0.2911626 0.2172863
0.1203009 0.1090398 0.1998249 0.419112 1.089442 1.368969 1.291853 1.02945 0.6959482 0.3656472 0.2761844 0.2117237
0.1340927 0.1141676 0.1966056 0.3901111 0.8844935 1.362288 1.209523 0.9533978 0.6183495 0.3648537 0.2885191 0.2256889
0.1239058 0.0907985 0.1871101 0.4392078 0.9293699 1.333278 1.214055 0.9962482 0.724392 0.3840461 0.3032837 0.2221652
0.1233366 0.1041847 0.1906903 0.4501759 0.9572555 1.344874 1.298969 1.051139 0.6755855 0.3811452 0.2764989 0.2132575
0.121123 0.1043975 0.1862532 0.4340765 0.8822188 1.178985 1.137818 0.9461925 0.5736068 0.3508285 0.2542362 0.1980174
0.1405875 0.1091506 0.1859412 0.4102063 1.041009 1.481655 1.376743 1.059534 0.6664824 0.405934 0.3083483 0.2311922
0.112716 0.09093735 0.1925827 0.4593617 0.9523847 1.296395 1.257109 1.019786 0.630786 0.3721359 0.2819938 0.2144465
0.1455288 0.1186891 0.1902549 0.4246823 1.079105 1.223647 1.166562 0.9032986 0.6114594 0.4078206 0.316403 0.242832
0.1281025 0.1175491 0.2247133 0.4710604 1.07804 1.494835 1.366681 1.055343 0.6523706 0.3713653 0.2868476 0.215479
0.1348813 0.1059679 0.1763185 0.5063102 0.9135085 1.347279 1.28645 1.018023 0.7085099 0.4215675 0.3168108 0.2412636
0.1173083 0.09386392 0.2002225 0.4557564 0.961005 1.275421 1.176683 0.9132803 0.6405283 0.3674071 0.2752521 0.2138458
0.1523745 0.1196331 0.1596265 0.4196058 0.9258898 1.425082 1.288398 1.082974 0.7232126 0.4278286 0.3172306 0.2442607
0.1395215 0.1001487 0.2073472 0.4269199 1.04697 1.507389 1.375875 1.089961 0.7339357 0.4179911 0.3174489 0.2390519
0.1369091 0.1116954 0.1932849 0.4287665 0.9319424 1.380298 1.26235 1.017378 0.6612185 0.4278585 0.325241 0.2463814
0.1176556 0.1058146 0.1699206 0.449791 0.9550227 1.362869 1.315831 1.056429 0.6810244 0.3760493 0.2932513 0.2159954
0.1314883 0.09841523 0.1797433 0.4278893 1.009589 1.227845 1.138752 0.9002586 0.6016982 0.37104 0.301458 0.2295302
0.1189632 0.1036173 0.2032999 0.4597923 0.9423842 1.351216 1.190292 0.9596194 0.6500489 0.3771557 0.2777013 0.2140808
0.1300339 0.1056057 0.1736195 0.4406846 0.9389562 1.284572 1.189669 0.9813341 0.669713 0.4194312 0.3053668 0.2301667
0.128791 0.1119719 0.1871665 0.4530793 0.9524337 1.371594 1.176184 0.9045829 0.6076731 0.3837484 0.3069603 0.2239301
0.1273931 0.1023768 0.1953678 0.4095199 1.050083 1.421582 1.270703 1.016248 0.6724153 0.3866804 0.2982683 0.2279489
0.1429565 0.1100728 0.1913661 0.459656 0.8488918 1.333249 1.27147 1.062036 0.6675517 0.4312296 0.3193322 0.2404397
0.1143946 0.09183197 0.1838426 0.4403317 0.9626048 1.242945 1.12504 0.9212567 0.6128316 0.365185 0.2814312 0.2144765
0.1407661 0.1016258 0.1878792 0.3988205 0.9594461 1.518115 1.365326 1.071373 0.7059809 0.4372449 0.3327454 0.248256
0.1374681 0.105877 0.1776138 0.404014 1.00402 1.645609 1.568638 1.235442 0.8048435 0.4348178 0.3431537 0.2648894
0.1385947 0.104858 0.1788942 0.457388 0.9542104 1.251266 1.177762 0.9652168 0.6628672 0.4139506 0.3104773 0.2487976
0.1339794 0.09708907 0.1798528 0.4285631 0.8566136 1.378318 1.270102 0.9967538 0.7201721 0.4165746 0.319973 0.248978
0.1320365 0.104428 0.2101538 0.4643007 0.9444875 1.43311 1.369875 1.063358 0.6963704 0.3936245 0.3085148 0.2331959
0.1134414 0.1090153 0.1963338 0.4270378 0.8841409 1.386143 1.217519 0.9799781 0.6456443 0.3610546 0.2757546 0.2053293
0.1165074 0.1023733 0.1976242 0.4750933 1.035905 1.435469 1.296723 0.9788245 0.6164802 0.3836479 0.2933143 0.2255825
0.1285733 0.1076788 0.1885501 0.4790726 1.038001 1.372522 1.322147 1.008488 0.6937399 0.4121931 0.2934116 0.2317031
0.1398677 0.1012663 0.1976546 0.4088598 0.9915864 1.478676 1.292876 1.036567 0.6591316 0.4015319 0.3187975 0.2430237
0.1326362 0.0964393 0.1658834 0.426015 0.8864671 1.317693 1.296496 1.024361 0.6667201 0.3772483 0.2732707 0.2143206
0.1229105 0.09679157 0.1769225 0.4569651 1.047309 1.295619 1.186181 0.9570188 0.6131758 0.364959 0.2632661 0.2067304
0.1372664 0.09832181 0.1943501 0.4679384 0.9920297 1.335656 1.307547 1.059904 0.7319696 0.4124106 0.314273 0.2528969
0.1253133 0.1044252 0.2265286 0.4532942 0.8442258 1.369944 1.347033 1.045762 0.6543841 0.3543612 0.2695624 0.2153028
0.1357544 0.09332465 0.2025868 0.4507759 1.002791 1.427169 1.296854 1.0519 0.6858908 0.4051216 0.3065392 0.2277219
0.1299215 0.1030232 0.1879531 0.4145999 0.9622278 1.436528 1.354484 1.098869 0.692074 0.4022008 0.3181468 0.242851
0.1345167 0.1071751 0.2091564 0.4600571 1.010042 1.461703 1.292037 1.000076 0.6657387 0.3865796 0.2922732 0.2284147
0.1362665 0.09314908 0.1963277 0.4346442 0.9037379 1.475611 1.323116 0.9763537 0.6549073 0.3967577 0.3019115 0.2319552
0.1202441 0.09625354 0.1690295 0.459207 0.8757562 1.471752 1.289121 1.017028 0.6782416 0.3820025 0.2836882 0.2135053
0.1319343 0.1039892 0.1885721 0.443513 0.9595052 1.281814 1.222863 0.9944102 0.6826481 0.4153896 0.3237328 0.2390768
0.1197957 0.1126766 0.1929664 0.4269183 0.9944499 1.418563 1.25378 0.986328 0.6445162 0.3820872 0.2983472 0.2265231
0.1361593 0.108147 0.1983708 0.4320623 0.9646532 1.332791 1.226681 0.9723936 0.6309679 0.3809841 0.2913031 0.2274424
0.1250916 0.09247582 0.1747701 0.4421646 0.9087868 1.304726 1.221917 0.9472589 0.6281512 0.3787158 0.2957341 0.2285242
0.1253922 0.09445687 0.1919314 0.4215938 0.970995 1.396739 1.178077 0.9520592 0.6249963 0.380448 0.2776853 0.2122484
0.1214705 0.1096159 0.2056986 0.4756466 0.8710569 1.265851 1.201627 0.9758226 0.6242948 0.3608093 0.2667532 0.2103766
0.1359223 0.1035664 0.2006572 0.4608789 0.9142423 1.373633 1.305348 1.032495 0.6510219 0.4122689 0.2992438 0.2309563
0.1258941 0.1085629 0.2053278 0.4536237 0.94779 1.417447 1.205356 0.9737071 0.6458168 0.3643461 0.2814215 0.2166618
0.1387007 0.09655869 0.1861829 0.4310405 0.8251692 1.300367 1.251626 1.004507 0.6938046 0.3693864 0.2828759 0.2251086
0.1198815 0.09807517 0.1859234 0.499202 0.928804 1.264341 1.16113 0.9744244 0.6250205 0.3537032 0.2632485 0.2065777
0.1372665 0.1116734 0.1675464 0.5396539 0.9711317 1.467036 1.36852 1.050882 0.702561 0.414353 0.3257626 0.2416763
0.1310312 0.1063108 0.1683153 0.4642305 0.909988 1.29333 1.281697 1.009301 0.6511518 0.3796077 0.2948463 0.2305598
0.1278695 0.1001406 0.1922884 0.503896 0.9384794 1.368848 1.286448 0.9975119 0.6369678 0.3634582 0.2679463 0.2025086
0.1409589 0.1109985 0.2054282 0.4115521 1.018593 1.516141 1.390806 1.081481 0.6856323 0.4437498 0.3413045 0.2538842
0.1316106 0.1036074 0.1793532 0.4577963 0.8747076 1.338682 1.253618 0.9829533 0.6417791 0.3683542 0.2779386 0.2157574
0.1344885 0.09894555 0.1871898 0.4533709 1.066833 1.425314 1.242909 1.012558 0.6682326 0.3892472 0.2890011 0.2242895
0.1384558 0.1026183 0.1886573 0.4318801 1.051407 1.424312 1.404936 1.135843 0.7581368 0.4068762 0.3167461 0.2433858
0.1155186 0.09779475 0.1953146 0.4757882 1.002404 1.360992 1.204393 0.9421905 0.627121 0.3924051 0.2916647 0.2225345
0.1302804 0.1091106 0.2019742 0.4590146 1.043531 1.282503 1.189378 0.9354568 0.6501709 0.3570848 0.2782664 0.2096738
0.1261938 0.1060381 0.1724256 0.3973069 0.9774913 1.25717 1.135422 0.9249384 0.6350593 0.4105939 0.311517 0.2370678
0.1357107 0.1057142 0.2191135 0.4850498 0.960049 1.506469 1.321388 1.077818 0.6916704 0.3986228 0.3153707 0.2355982
0.1273536 0.1006784 0.1906814 0.4317132 1.065551 1.409147 1.33085 1.076936 0.6912026 0.370991 0.2794433 0.2126362
0.1229019 0.1023572 0.1903715 0.4481728 0.8596056 1.402907 1.327701 1.027769 0.6615904 0.3873725 0.2963821 0.2225096
0.1146132 0.09610591 0.1796424 0.462181 0.9488123 1.315006 1.200315 0.9460996 0.6123909 0.3635805 0.2851474 0.2107958
0.1202201 0.1038941 0.2031937 0.3908328 0.9154849 1.544422 1.439397 1.165865 0.7477079 0.3999167 0.3048428 0.2309705
0.130013 0.09754446 0.1994036 0.4942697 0.91615 1.288476 1.28647 1.01524 0.7000914 0.3905672 0.3001909 0.2310387
0.1305272 0.1096381 0.1941086 0.4356763 1.056594 1.442119 1.320195 1.068928 0.7081381 0.4161392 0.3186479 0.2414178
0.1306561 0.1125162 0.2062407 0.4301443 0.9882778 1.394926 1.35227 1.096183 0.7145484 0.405899 0.3261204 0.2461758
0.1215868 0.09456166 0.1840861 0.413728 1.013447 1.308614 1.240449 1.019387 0.6571876 0.376673 0.2869579 0.2154821
0.1360531 0.1157278 0.1779184 0.4299388 0.9934429 1.464241 1.372741 1.119914 0.7224378 0.417143 0.3324278 0.2508263
0.127715 0.0969265 0.1779891 0.4580044 0.983315 1.488913 1.274348 0.9980812 0.6657628 0.3769997 0.2967055 0.228451
0.1246205 0.1088596 0.2035272 0.465902 0.9458569 1.301419 1.201746 0.9610282 0.6447372 0.3673055 0.2953833 0.2327443
0.1305953 0.1020584 0.175706 0.4022704 0.9751202 1.4081 1.386249 1.094586 0.7140941 0.3894588 0.2979114 0.2297954
0.1321366 0.1061446 0.198941 0.433074 0.9279556 1.286928 1.28093 1.036221 0.6764086 0.372668 0.2823411 0.2220972
0.1325919 0.1136027 0.202585 0.4650343 1.065017 1.483168 1.346061 1.084179 0.7023892 0.4159399 0.3188704 0.247748
0.1398713 0.1018299 0.200375 0.4669914 1.011939 1.477488 1.296508 1.03621 0.6852814 0.4220735 0.3311048 0.2478262
0.1392879 0.1074081 0.1863695 0.4605357 0.980061 1.346574 1.326381 1.050199 0.7120724 0.4060533 0.3230827 0.2501948
0.1303077 0.09437023 0.2028171 0.4485721 1.019929 1.334991 1.247771 0.9935757 0.6395447 0.3924471 0.3007747 0.2322819
0.1318653 0.1044885 0.1833447 0.4548345 0.8681831 1.218246 1.230609 1.009632 0.697198 0.3922022 0.3027894 0.2385843
0.1376942 0.1063677 0.1800582 0.4371257 1.044693 1.423366 1.279933 1.050654 0.6764232 0.383884 0.2952843 0.2271559
0.1177667 0.09513289 0.1599297 0.4342747 1.028981 1.290137 1.150078 0.9098289 0.5809431 0.3698281 0.2889918 0.2178984
0.133857 0.1008321 0.1826919 0.4296118 0.9743705 1.376334 1.294129 1.030973 0.6757342 0.4244312 0.3196999 0.2465979
0.141934 0.1066514 0.1823324 0.4898503 0.9644774 1.315703 1.356658 1.113029 0.7587415 0.4160459 0.3186789 0.2361925
0.1197899 0.1165895 0.2332299 0.3816023 0.8866371 1.366145 1.236358 0.9988334 0.6197357 0.3646835 0.2759363 0.2089299
0.1365753 0.1111167 0.2039157 0.4380555 0.8591159 1.423908 1.292762 1.04932 0.6714414 0.4132678 0.3209359 0.23896
0.1333168 0.1056504 0.203297 0.4223496 1.056398 1.436763 1.292022 1.033491 0.6634838 0.3964158 0.3018414 0.2313417
0.1353888 0.09531983 0.1869241 0.4721502 1.119545 1.367195 1.401977 1.119846 0.7426985 0.4422561 0.3320437 0.2498197
0.1061772 0.09901978 0.1867388 0.4370791 0.9851616 1.234717 1.150069 0.92674 0.5772296 0.3606219 0.2769766 0.2113975
0.130443 0.09530566 0.1924377 0.5117865 1.046492 1.349287 1.227937 0.9498012 0.6297296 0.3836813 0.2943477 0.2251664
0.1277618 0.1124528 0.2068095 0.442099 1.016581 1.304285 1.193432 0.9444298 0.6322392 0.3792945 0.2891861 0.231353
0.1343744 0.1004659 0.1804198 0.4255739 0.8841849 1.393711 1.22321 0.9755051 0.6429994 0.3782461 0.2969495 0.2293922
0.1383291 0.1038398 0.1847545 0.4402809 0.8316314 1.549778 1.449517 1.116857 0.7465968 0.4427251 0.3367884 0.2511497
0.1315885 0.1085831 0.1919951 0.4455505 0.9209405 1.393823 1.354119 1.066144 0.7071332 0.3922073 0.3018314 0.227697
0.1329051 0.1006882 0.1855459 0.4645462 0.9457558 1.392299 1.362587 1.095897 0.7016836 0.4100769 0.3106538 0.2372129
0.1243493 0.0955809 0.1880632 0.4733182 1.018824 1.290998 1.138133 0.9008286 0.5842345 0.348142 0.2771497 0.2028615
0.139129 0.1097832 0.1776076 0.4422102 0.961192 1.432309 1.363303 1.085067 0.7220977 0.4090222 0.3072137 0.2366988
0.1209282 0.09480667 0.1889205 0.4551601 1.023814 1.432281 1.252117 0.9890103 0.6354685 0.3659964 0.2717968 0.2080537
0.1421442 0.1073423 0.1980848 0.4730631 0.9629765 1.463957 1.369597 1.131922 0.7161892 0.389472 0.314978 0.2369391
0.1227055 0.09838728 0.1995515 0.4348582 1.069455 1.316461 1.189991 0.9412485 0.632776 0.3843083 0.3000418 0.2273553
0.1325391 0.1101731 0.1939287 0.4762911 0.9706057 1.351043 1.331698 1.052142 0.701551 0.4207696 0.3173668 0.2320661
0.127769 0.09952174 0.1972 0.460812 0.8714535 1.32761 1.302499 1.005045 0.6278075 0.4087626 0.3237823 0.2399337
0.1318095 0.1073165 0.1779995 0.475226 1.022899 1.528564 1.354946 1.089534 0.6783036 0.41588 0.3144979 0.2344067
0.1258692 0.08846312 0.1966348 0.4569334 1.02487 1.340425 1.266895 1.006042 0.6360964 0.3984306 0.286863 0.2110423
0.1314585 0.113286 0.1986981 0.4609814 1.011644 1.36073 1.276621 1.003175 0.6396714 0.4066101 0.3077868 0.2324239
0.1390487 0.1064559 0.185654 0.4026824 0.9725619 1.359938 1.211117 0.9957257 0.6429035 0.4118887 0.3253304 0.2466531
0.1315126 0.1029781 0.1877914 0.4502859 0.957167 1.422363 1.285748 0.9945684 0.6134174 0.3966735 0.2993862 0.2255077
0.1335852 0.1045012 0.1901565 0.4392771 1.012536 1.293668 1.296503 1.05264 0.7367393 0.4002845 0.3061699 0.2300432
0.1362112 0.1013189 0.2063876 0.4182116 0.9671755 1.424032 1.325403 1.039223 0.6802728 0.4250347 0.3209087 0.2439902
0.1248785 0.09393596 0.2005248 0.3952644 1.011034 1.333001 1.325569 1.061309 0.6975276 0.3892562 0.2965598 0.2285848
0.1392666 0.09670737 0.2062131 0.3862006 1.028153 1.448178 1.336123 1.054462 0.7092401 0.4050258 0.3157387 0.2393506
0.1342536 0.1021124 0.2055226 0.4330766 1.077121 1.419314 1.396654 1.112026 0.7132248 0.4381785 0.322778 0.2409731
0.1235007 0.1066137 0.2128498 0.4586933 0.9475274 1.336691 1.264478 1.045264 0.6764538 0.3952026 0.2934279 0.2178144
0.1320729 0.1105989 0.1815553 0.4053391 0.9085382 1.315915 1.104812 0.9290114 0.623166 0.427596 0.3294602 0.2422647
0.1279563 0.110622 0.184058 0.435778 0.8465468 1.40077 1.24696 1.026175 0.6946505 0.3690565 0.2802269 0.2162329
0.1346467 0.09953624 0.1660276 0.4097059 1.07876 1.305845 1.23218 0.9364484 0.5984899 0.3794696 0.3081292 0.2259819
0.1297542 0.1010459 0.1956099 0.4604141 0.9531433 1.455554 1.324718 1.033328 0.7205141 0.420065 0.3255216 0.2497765
0.1363324 0.1016855 0.1892873 0.4770171 0.9613587 1.430873 1.350351 1.078009 0.7044269 0.3983998 0.3145552 0.2443153
0.1315265 0.09563571 0.1901425 0.4363589 0.9517245 1.346898 1.291329 1.003276 0.6511832 0.3872741 0.3054214 0.2354828
0.1366098 0.1163316 0.2231266 0.5249358 1.102483 1.453459 1.310811 1.033711 0.7042791 0.4382509 0.3168292 0.237928
0.1271085 0.099995 0.1943204 0.4473348 0.8875886 1.267584 1.23176 1.007064 0.6281652 0.403152 0.2954775 0.2265084
0.1245247 0.1073664 0.2040506 0.440933 0.892788 1.590685 1.430055 1.136224 0.7741926 0.4200699 0.3067046 0.2361195
0.1139664 0.09575141 0.206278 0.4221212 0.9036195 1.234374 1.158408 0.9018361 0.5708137 0.3429066 0.2602648 0.1968507
0.1281236 0.1034889 0.1761246 0.4718325 0.9096587 1.257439 1.149158 0.9270478 0.6415895 0.4099358 0.3053436 0.227247
0.1113194 0.106907 0.1956576 0.4594336 0.9734611 1.313665 1.268233 0.962349 0.5924209 0.3511948 0.2693469 0.1990267
0.1279794 0.1018407 0.1917404 0.4121011 0.9382204 1.172065 1.245831 0.9588259 0.6491319 0.3915009 0.3013358 0.2251617
0.1007471 0.09108953 0.2090098 0.4440402 0.9471352 1.229516 1.195355 0.9151273 0.5923605 0.3162798 0.24852 0.1871753
0.1234872 0.09193381 0.2010969 0.4675579 1.01625 1.37018 1.206599 0.9801791 0.6384397 0.3605952 0.2728379 0.208038
0.1348877 0.1151302 0.1975495 0.5297897 1.033501 1.423312 1.346644 1.062655 0.68978 0.3817764 0.2947815 0.225508
0.1480455 0.1191304 0.1944885 0.4910831 0.9153707 1.406901 1.324734 1.093833 0.7065109 0.4125929 0.331396 0.2499618
0.1284581 0.1115947 0.1832797 0.5220376 0.9480504 1.390173 1.27082 1.03429 0.6976333 0.3848623 0.3149587 0.2407662
0.1329348 0.110119 0.1797113 0.4461855 0.9319118 1.26535 1.204744 0.9546458 0.6474493 0.3955124 0.294815 0.227865
0.1223784 0.1027131 0.184557 0.4751121 1.101015 1.47836 1.364295 1.084123 0.6991119 0.3906484 0.3050882 0.2329723
0.1267019 0.09487059 0.2081385 0.45 0.9972349 1.487396 1.310172 1.042291 0.6632927 0.373542 0.2872634 0.2148161
0.1224329 0.1092957 0.1985989 0.5076912 0.9843796 1.415338 1.189668 0.9621552 0.6158054 0.3746234 0.2846642 0.2116578
0.1254877 0.0979517 0.1999964 0.475546 1.001899 1.402253 1.335832 1.03629 0.6961782 0.3986048 0.2994632 0.2262748
0.1276009 0.09771224 0.1981969 0.4400915 0.995058 1.401195 1.288943 1.034354 0.6834216 0.3758008 0.2921321 0.2219087
0.1254387 0.09990687 0.1769729 0.5023108 1.033433 1.249389 1.148658 0.9444299 0.6174817 0.3571649 0.2730271 0.2043593
0.1264614 0.1053811 0.1986399 0.4661662 1.060355 1.554679 1.482665 1.188327 0.7879765 0.416846 0.3119401 0.2323939
0.1297495 0.1074356 0.2184107 0.4398596 0.9509215 1.264509 1.264891 1.017204 0.6792392 0.3882901 0.2927137 0.2292626
0.1313701 0.1002587 0.2013076 0.4562003 1.040644 1.334138 1.279107 1.011228 0.6817768 0.387778 0.2916485 0.2214175
0.1288378 0.1036347 0.1837449 0.4185914 0.9756739 1.37669 1.213222 0.9657999 0.611459 0.3584283 0.278412 0.2146196
0.1344028 0.1109168 0.1747175 0.3729169 0.9188356 1.398431 1.287041 1.013448 0.6692915 0.3968352 0.3110375 0.2370109
0.1341954 0.1090315 0.1832092 0.4580042 0.9080298 1.48527 1.339756 1.080537 0.6917174 0.4135874 0.3081222 0.2356612
0.1341781 0.09688495 0.1897449 0.4579632 1.01723 1.603913 1.453557 1.137869 0.7815935 0.4393827 0.3244584 0.2394634
0.1338073 0.1076178 0.1919558 0.4650774 0.996719 1.374793 1.25871 1.023833 0.6946431 0.431528 0.3324551 0.2517063
0.131348 0.1099965 0.1933376 0.4986721 0.8879382 1.377572 1.252621 0.9790394 0.6479155 0.4117013 0.3122511 0.2368635
0.1222898 0.1106941 0.1690165 0.4551295 0.9627029 1.477763 1.321289 1.018813 0.6783199 0.4107047 0.3206441 0.2373381
0.1255307 0.09877645 0.1890494 0.5075532 0.9633603 1.334031 1.209349 0.9754251 0.6385283 0.3918448 0.3125317 0.2358941
0.14473 0.1020039 0.2147515 0.4590491 0.9441867 1.309414 1.171818 0.9485916 0.628789 0.413347 0.3174677 0.2371597
0.1344999 0.1050341 0.1948675 0.4361533 1.044681 1.487764 1.417726 1.130485 0.7525527 0.4045149 0.3183413 0.2422653
0.1020403 0.09415946 0.1642985 0.434903 1.002112 1.352045 1.141553 0.9416042 0.5887054 0.3249048 0.2463557 0.1917968
0.1399035 0.1046708 0.1744372 0.4802421 1.048869 1.515214 1.31657 1.061978 0.6653365 0.4135936 0.3199756 0.241338
0.1301842 0.09934597 0.1930927 0.4614371 0.9897408 1.279301 1.13298 0.9457365 0.6184544 0.3912103 0.2940296 0.2173559
0.1302372 0.1062927 0.1854188 0.4504896 0.9831088 1.485829 1.318626 1.091357 0.7078522 0.4043275 0.311139 0.2395641
0.1072539 0.09094716 0.2117811 0.4964078 0.8787315 1.228392 1.103736 0.8872413 0.5795284 0.3555488 0.2680615 0.2050994
0.1272076 0.08873248 0.1752031 0.4412195 0.9590377 1.445147 1.399814 1.137204 0.710139 0.4064384 0.3121075 0.237629
0.1167788 0.0937952 0.1888182 0.4463733 1.028681 1.35583 1.305357 1.020646 0.6733658 0.3650309 0.2717325 0.2145372
0.1306626 0.09533731 0.1876365 0.437978 0.8843763 1.472721 1.364761 1.095789 0.6944238 0.3783035 0.2897004 0.2199271
0.1425525 0.1107737 0.195178 0.4531199 0.9923025 1.458225 1.339872 1.069547 0.6793974 0.4272512 0.3288724 0.2523327
0.1371536 0.1094101 0.1975057 0.4928867 0.8932691 1.340393 1.238973 0.988188 0.659031 0.4111456 0.3206493 0.2418028
0.1396549 0.1070931 0.2084318 0.4415507 1.003494 1.439938 1.326626 1.039054 0.6619168 0.424519 0.3260603 0.2556452
0.110249 0.1001838 0.1938787 0.4305646 0.959172 1.454341 1.364947 1.061615 0.7010562 0.3828248 0.2875097 0.210363
0.1103145 0.09501011 0.1946857 0.4125165 0.9678451 1.266019 1.130079 0.9270829 0.6546975 0.3625346 0.2712458 0.2056425
0.124477 0.09647979 0.2011707 0.4248728 0.9360758 1.461204 1.251137 1.025369 0.6536578 0.3693642 0.2879162 0.2163315
0.126997 0.1115447 0.1991649 0.4612074 1.000423 1.314287 1.184817 0.9437803 0.6086401 0.411239 0.3039185 0.2227427
0.1242701 0.1052785 0.2217847 0.3610884 0.8756998 1.212674 1.150665 0.9235477 0.5751276 0.3801795 0.2854114 0.216916
0.1263502 0.1005769 0.1975267 0.4276716 1.03917 1.270234 1.214963 0.9688037 0.6286148 0.3619706 0.2749987 0.2165623
0.1418928 0.1093801 0.1979747 0.3649166 1.032919 1.403213 1.278343 1.034676 0.6815454 0.4282827 0.3184368 0.2462137
0.1281709 0.1127433 0.1769131 0.4508 0.9184 1.220341 1.165863 0.9564626 0.6595293 0.3985731 0.3128876 0.2431252
0.1157638 0.09167766 0.2233702 0.4651918 0.9506251 1.435 1.290598 1.017212 0.6982646 0.4088119 0.2983214 0.226947
0.1229223 0.1037902 0.1983783 0.4572358 0.8586342 1.295654 1.21168 0.9306366 0.6146036 0.385059 0.2865587 0.2162784
0.1215295 0.1068541 0.1690005 0.4418652 0.952314 1.534606 1.406596 1.140746 0.7986797 0.4027493 0.3140248 0.2405097
0.1199959 0.09748312 0.1874207 0.447431 0.960357 1.373998 1.246798 0.9707525 0.5930187 0.3969817 0.3062207 0.232975
0.1384378 0.1130928 0.1963032 0.4349232 1.029808 1.395356 1.246172 0.9872644 0.6579717 0.4070908 0.3160756 0.2396346
0.1415051 0.1083526 0.1949959 0.4323421 1.060117 1.567929 1.417929 1.106526 0.7209768 0.4416004 0.3324487 0.2568505
0.1318888 0.106127 0.1828385 0.4322967 1.015562 1.429105 1.236333 1.030544 0.675587 0.4112216 0.3167866 0.2416303
0.1310079 0.1058167 0.2159302 0.4148726 1.043681 1.284981 1.220795 0.9812237 0.6364547 0.3935354 0.3068748 0.2269761
0.131889 0.1036923 0.1623716 0.4979565 1.083408 1.330502 1.205447 0.98303 0.6730878 0.4088809 0.3143635 0.2383117
