1.24404
-0.39474
-0.11767
-0.77499
-1.16869
-0.74526
1.03252
0.08725
0.9364701
1.33362
-0.24298
-1.26816
-0.86339
1.40214
0.8058801
-0.78558
0.01266001
-0.31223
0.79831
-0.9564701
1.30514
-0.14461
0.07598001
-0.07979
0.6097701
1.53728
-0.29636
-0.27344
-1.06791
-0.12458
0.12287
0.06840999
-0.30448
-0.94983
1.05026
1.76453
1.09289
-1.46008
-0.42182
-0.72563
-0.20516
0.07567
0.01542001
-0.29508
-1.21402
-0.62081
0.33563
0.00528001
0.38093
-0.49821
-1.02307
-0.30175
1.29603
0.35386
-0.08513
-0.06666001
-0.26166
-0.34515
0.6497201
-0.712
1.32312
-0.2374
-0.62015
0.89382
0.82432
-1.36865
-0.55216
1.59831
-1.88129
-0.60206
-1.35143
0.63292
0.73019
0.08402
0.38946
-0.1
-0.09385221
2.334476
-0.4453806
-0.9681088
-0.3832521
1.301381
0.8259172
-1.669856
0.09404208
0.4082544
1.659248
0.4527914
0.2371267
0.9728497
-0.6776203
-0.2178291
2.335023
-1.161875
-1.336503
-0.6167877
-0.04774845
1.154531
0.3200654
0.6210998
-0.5545222
0.765667
-1.44364
-0.6442712
1.464009
-1.353
-0.7685046
-0.04333572
-0.0735619
0.7816826
2.386097
