0.7079999
0.06800001
0.886
0.6819999
-0.236
-0.206
-0.568
0.418
0.356
-0.114
-0.178
-0.992
-0.776
0.188
-0.388
-0.25
0.7239999
0.216
0.6819999
0.07199999
0.5699999
1.002
0.454
0.622
0.138
0.7319999
0.22
-0.08
0.328
0.9979999
1.362
0.7639999
0.226
0.5839999
1.258
1.852
0.6799999
-0.2
0.26
-0.03799999
-0.864
-0.4579999
0.13
-1.84
-1.56
-1.544
-1.012
-0.496
-0.6819999
-0.472
-2.722
-1.172
0.05000001
-0.002000019
0.3559999
0.328
-1.68
-0.4719999
-0.8459999
-0.9359999
-0.5339999
-0.61
-0.422
-0.884
0.7799999
-1.418
-1.806
-0.266
-1.268
-0.35
-1.528
1.19
0.344
-0.4219999
0.472
0.662
0.44
0.7639999
1.438
0.8619999
0.908
1.854
1.266
-0.6499999
-0.456
-1.574
0.308
0.492
0.982
-0.6059999
0.446
0.244
1.238
-0.454
-1.244
0.266
-0.598
1.792
0.474
0.362
0.08800003
-0.07799999
-0.8279999
-1.332
0.354
-0.8939999
-1.48
-0.4519999
0.226
2.196
1.51
