[[1]]
[1] TRUE

[[2]]
[1] TRUE

[[3]]
[1] TRUE

[[4]]
[1] TRUE

[[5]]
[1] TRUE

[[6]]
[1] TRUE

[[7]]
[1] TRUE

[[1]]
[1] TRUE

[[2]]
[1] TRUE

[[3]]
[1] TRUE

[[4]]
[1] TRUE

[[5]]
[1] TRUE

[[6]]
[1] TRUE

[[7]]
[1] TRUE

[[1]]
[1] TRUE

[[2]]
[1] TRUE

[[3]]
[1] TRUE

[[4]]
[1] TRUE

[[5]]
[1] TRUE

[[6]]
[1] TRUE

[[7]]
[1] TRUE

[[1]]
[1] TRUE

[[2]]
[1] TRUE

[[3]]
[1] TRUE

[[4]]
[1] TRUE

[[5]]
[1] TRUE

[[6]]
[1] TRUE

[[7]]
[1] TRUE

$delta
[1]  1.000000e+00 2.345352e-104

$Pi
          [,1]      [,2]
[1,] 0.7046165 0.2953835
[2,] 0.3414259 0.6585741

$nonstat
[1] TRUE

$distn
[1] "gamma"

$pm
$pm$rate
[1] 4.062192 2.974830

$pm$shape
[1] 15.203068  6.992033


$discrete
[1] FALSE

$n
[1] 111

Model order: 2 
       [,1]        [,2]         [,3]         [,4]
  [1,]    1 -0.39474000 -0.336088200  0.068000010
  [2,]    2 -0.11767000 -0.294875000  0.886000000
  [3,]    2 -0.77499000 -0.116892600  0.681999900
  [4,]    1 -1.16869000 -0.351586800 -0.236000000
  [5,]    1 -0.74526000 -0.240285300 -0.206000000
  [6,]    1  1.03252000 -0.238929400 -0.568000000
  [7,]    1  0.08725000 -0.258025000  0.418000000
  [8,]    1  0.93647010 -0.439233800  0.356000000
  [9,]    1  1.33362000 -0.313295600 -0.114000000
 [10,]    1 -0.24298000 -0.202844100 -0.178000000
 [11,]    1 -1.26816000 -0.395405900 -0.992000000
 [12,]    1 -0.86339000 -0.354966200 -0.776000000
 [13,]    1  1.40214000 -0.341470600  0.188000000
 [14,]    1  0.80588010 -0.428723500 -0.388000000
 [15,]    1 -0.78558000 -0.296707300 -0.250000000
 [16,]    1  0.01266001 -0.299770600  0.723999900
 [17,]    1 -0.31223000 -0.441722000  0.216000000
 [18,]    1  0.79831000 -0.322633800  0.681999900
 [19,]    1 -0.95647010 -0.184022100  0.071999990
 [20,]    1  1.30514000 -0.126055900  0.569999900
 [21,]    1 -0.14461000 -0.001313234  1.002000000
 [22,]    1  0.07598001 -0.138550000  0.454000000
 [23,]    1 -0.07979000 -0.090404410  0.622000000
 [24,]    1  0.60977010 -0.085107350  0.138000000
 [25,]    2  1.53728000  0.019875000  0.731999900
 [26,]    2 -0.29636000  0.155652900  0.220000000
 [27,]    1 -0.27344000  0.064470580 -0.080000000
 [28,]    2 -1.06791000 -0.118951500  0.328000000
 [29,]    2 -0.12458000 -0.062785290  0.997999900
 [30,]    2  0.12287000  0.059691170  1.362000000
 [31,]    1  0.06840999  0.011397060  0.763999900
 [32,]    1 -0.30448000  0.102945600  0.226000000
 [33,]    1 -0.94983000  0.245204400  0.583999900
 [34,]    1  1.05026000 -0.251780900  1.258000000
 [35,]    1  1.76453000 -0.145850000  1.852000000
 [36,]    1  1.09289000  0.227945600  0.679999900
 [37,]    1 -1.46008000  0.089072060 -0.200000000
 [38,]    1 -0.42182000  0.385738200  0.260000000
 [39,]    1 -0.72563000  0.315729400 -0.037999990
 [40,]    1 -0.20516000  0.261958800 -0.864000000
 [41,]    2  0.07567000 -0.014967650 -0.457999900
 [42,]    1  0.01542001  0.077976460  0.130000000
 [43,]    1 -0.29508000  0.305154400 -1.840000000
 [44,]    1 -1.21402000  0.212952900 -1.560000000
 [45,]    2 -0.62081000  0.168433800 -1.544000000
 [46,]    2  0.33563000  0.292598500 -1.012000000
 [47,]    1  0.00528001  0.254760300 -0.496000000
 [48,]    2  0.38093000  0.320369100 -0.681999900
 [49,]    2 -0.49821000  0.156225000 -0.472000000
 [50,]    2 -1.02307000  0.247977900 -2.722000000
 [51,]    1 -0.30175000  0.061876470 -1.172000000
 [52,]    1  1.29603000  0.066177930  0.050000010
 [53,]    1  0.35386000  0.117539700 -0.002000019
 [54,]    2 -0.08513000  0.196520600  0.355999900
 [55,]    2 -0.06666001  0.181235300  0.328000000
 [56,]    2 -0.26166000  0.210195600 -1.680000000
 [57,]    1 -0.34515000  0.028350000 -0.471999900
 [58,]    2  0.64972010 -0.042138230 -0.845999900
 [59,]    2 -0.71200000  0.000942643 -0.935999900
 [60,]    2  1.32312000 -0.079138220 -0.533999900
 [61,]    2 -0.23740000  0.104469100 -0.610000000
 [62,]    2 -0.62015000 -0.035561760 -0.422000000
 [63,]    2  0.89382000 -0.024586770 -0.884000000
 [64,]    1  0.82432000 -0.161327900  0.779999900
 [65,]    1 -1.36865000 -0.194839700 -1.418000000
 [66,]    2 -0.55216000 -0.199617600 -1.806000000
 [67,]    2  1.59831000 -0.356904400 -0.266000000
 [68,]    1 -1.88129000 -0.131298500 -1.268000000
 [69,]    1 -0.60206000 -0.216304400 -0.350000000
 [70,]    2 -1.35143000 -0.192267600 -1.528000000
 [71,]    2  0.63292000 -0.278739700  1.190000000
 [72,]    2  0.73019000 -0.091917640  0.344000000
 [73,]    2  0.08402000 -0.099298530 -0.421999900
 [74,]    1  0.38946000 -0.053950000  0.472000000
 [75,]    1 -0.10000000 -0.115847100  0.662000000
 [76,]    2 -0.09385221  0.043249970  0.440000000
 [77,]    1  2.33447600 -0.031984120  0.763999900
 [78,]    1 -0.44538060  0.032566930  1.438000000
 [79,]    1 -0.96810880 -0.121896800  0.861999900
 [80,]    1 -0.38325210 -0.080910820  0.908000000
 [81,]    1  1.30138100 -0.086425640  1.854000000
 [82,]    1  0.82591720  0.020658670  1.266000000
 [83,]    2 -1.66985600  0.106005700 -0.649999900
 [84,]    2  0.09404208  0.030565510 -0.456000000
 [85,]    2  0.40825440  0.065226070 -1.574000000
 [86,]    2  1.65924800  0.068551240  0.308000000
 [87,]    2  0.45279140 -0.057033210  0.492000000
 [88,]    1  0.23712670 -0.147218300  0.982000000
 [89,]    1  0.97284970  0.194331400 -0.605999900
 [90,]    1 -0.67762030  0.127991200  0.446000000
 [91,]    1 -0.21782910  0.137538500  0.244000000
 [92,]    1  2.33502300  0.340313800  1.238000000
 [93,]    1 -1.16187500  0.432514200 -0.454000000
 [94,]    1 -1.33650300  0.263603100 -1.244000000
 [95,]    1 -0.61678770  0.256527400  0.266000000
 [96,]    1 -0.04774845  0.420148600 -0.598000000
 [97,]    2  1.15453100  0.231662100  1.792000000
 [98,]    2  0.32006540  0.374503100  0.474000000
 [99,]    2  0.62109980  0.312460900  0.362000000
[100,]    1 -0.55452220  0.330876600  0.088000030
[101,]    1  0.76566700  0.466651600 -0.077999990
[102,]    1 -1.44364000  0.430505200 -0.827999900
[103,]    1 -0.64427120  0.162651900 -1.332000000
[104,]    1  1.46400900  0.187182200  0.354000000
[105,]    2 -1.35300000  0.273330700 -0.893999900
[106,]    2 -0.76850460  0.337416000 -1.480000000
[107,]    2 -0.04333572  0.327976800 -0.451999900
[108,]    2 -0.07356190  0.264937700  0.226000000
[109,]    2  0.78168260  0.260131000  2.196000000
[110,]    2  2.38609700  0.410974600  1.510000000
